data,seed,e,kappa,cl_ml_ratio,pareto_index,ml_sat,ml_unsat,cl_sat,cl_unsat,lm_lambda_minus,lm_lambda_plus,lp_lambda_minus,lp_lambda_plus,ARI,p1_slvr_status,p1_clause_gen,p1_solver,p1_total,p2_lm_slvr_status,p2_lm_clause_gen,p2_lm_solver,p2_lm_total,p2_lp_slvr_status,p2_lp_clause_gen,p2_lp_solver,p2_lp_total,total_slvr_time
chainlink,1732,0.1,0.7,1,0,355,2,333,10,989,9,989,11,0.952528493138984,OPTIMUM,0.21239,327.57253,327.82703,OPTIMUM,0.22856,0.19965,2.66782,OPTIMUM,0.21349,0.43633,2.89192,328.46301
chainlink,1732,0.1,0.7,1,1,355,2,333,10,0,0,,,,OPTIMUM,0.21239,327.57253,327.82703,UNSATISFIABLE,0.19827,0.25486,2.70129,,,,,328.08189
ionosphere,1732,0.1,0.7,1,0,121,8,103,13,3577,76,3577,76,0.610972731710017,SATISFIABLE,0.36488,900.01542,900.47553,OPTIMUM,0.38635,7.87178,8.50576,OPTIMUM,0.43759,11.38722,12.07534,919.73453
ionosphere,1732,0.1,0.7,1,1,121,8,103,13,0,0,,,,SATISFIABLE,0.36488,900.01542,900.47553,UNSATISFIABLE,0.38381,11.99805,12.63675,,,,,912.4735800000001
iris,1732,0.1,0.7,1,0,37,0,68,0,755,2,755,23,0.885792100198963,OPTIMUM,0.05544,0.11154,0.18287,OPTIMUM,0.06069,0.08461,0.40123,OPTIMUM,0.09609,0.08436,0.43477,0.35184
iris,1732,0.1,0.7,1,1,37,0,68,0,0,0,,,,OPTIMUM,0.05544,0.11154,0.18287,UNSATISFIABLE,0.06767,0.07075,0.39445,,,,,0.25362
libras,1732,0.1,0.7,1,0,18,0,233,0,3593,4,3593,99,0.232982163663192,OPTIMUM,8.12523,64.40881,73.78224,OPTIMUM,7.93154,214.01405,223.50717,OPTIMUM,7.85710,579.97927,589.41100,867.77556
libras,1732,0.1,0.7,1,1,18,0,233,0,3663,107,3663,134,0.155975078377354,OPTIMUM,8.12523,64.40881,73.78224,OPTIMUM,7.88425,2510.00884,2519.44834,OPTIMUM,7.81460,963.46292,972.84970,3547.254
libras,1732,0.1,0.7,1,2,18,0,233,0,0,0,,,,OPTIMUM,8.12523,64.40881,73.78224,UNSATISFIABLE,7.84138,18.45529,27.84340,,,,,92.23753
lsun,1732,0.1,0.7,1,0,100,0,180,0,903,17,903,19,0.976039189781423,OPTIMUM,0.10511,0.27531,0.42209,OPTIMUM,0.10380,0.44902,1.21402,OPTIMUM,0.10905,0.21521,0.95537,1.0863200000000002
lsun,1732,0.1,0.7,1,1,100,0,180,0,923,20,923,104,1.000000000000000,OPTIMUM,0.10511,0.27531,0.42209,OPTIMUM,0.16416,0.26280,1.05480,OPTIMUM,0.10803,0.13473,0.87208,0.81962
lsun,1732,0.1,0.7,1,2,100,0,180,0,0,0,,,,OPTIMUM,0.10511,0.27531,0.42209,UNSATISFIABLE,0.10805,0.12212,0.90999,,,,,0.5442100000000001
seeds,1732,0.1,0.7,1,0,45,0,101,1,1083,8,1083,8,0.851081912998861,OPTIMUM,0.11242,4.38126,4.51875,OPTIMUM,0.12200,0.79476,1.47705,OPTIMUM,0.09578,0.39697,1.05413,5.71048
seeds,1732,0.1,0.7,1,1,45,0,101,1,0,0,,,,OPTIMUM,0.11242,4.38126,4.51875,UNSATISFIABLE,0.09470,1.03311,1.68224,,,,,5.55186
spam,1732,0.1,0.7,1,0,1211,457,961,591,2432,9,2432,9,0.340910492651534,SATISFIABLE,10.16785,900.05603,912.40877,OPTIMUM,9.89891,167.93054,208.59275,OPTIMUM,9.68586,183.47348,224.05387,1263.81279
spam,1732,0.1,0.7,1,1,1211,457,961,591,0,0,,,,SATISFIABLE,10.16785,900.05603,912.40877,UNSATISFIABLE,9.45703,72.50755,112.93358,,,,,984.91632
target,1732,0.1,0.7,1,0,276,0,263,0,646,4,646,4,0.972757850719276,OPTIMUM,0.82606,2.59408,3.71071,OPTIMUM,0.81619,4.20433,8.80962,OPTIMUM,0.85397,0.99929,5.48346,8.91433
target,1732,0.1,0.7,1,1,276,0,263,0,649,5,649,13,0.995070118791923,OPTIMUM,0.82606,2.59408,3.71071,OPTIMUM,0.85169,3.19030,7.68092,OPTIMUM,0.84595,0.92044,5.38838,7.8214500000000005
target,1732,0.1,0.7,1,2,276,0,263,0,650,164,650,164,1.000000000000000,OPTIMUM,0.82606,2.59408,3.71071,OPTIMUM,1.01531,8.98198,13.61151,OPTIMUM,0.84552,0.77390,5.23148,13.46659
target,1732,0.1,0.7,1,3,276,0,263,0,0,0,,,,OPTIMUM,0.82606,2.59408,3.71071,UNSATISFIABLE,0.85148,8.91837,13.41601,,,,,12.62908
wine,1732,0.1,0.7,1,0,40,0,84,0,1259,11,1259,11,0.881352515099020,OPTIMUM,0.11798,0.84914,0.99824,OPTIMUM,0.11950,14.79675,15.17183,OPTIMUM,0.12445,14.11105,14.46460,29.906039999999997
wine,1732,0.1,0.7,1,1,40,0,84,0,1262,38,1262,71,0.916818290835105,OPTIMUM,0.11798,0.84914,0.99824,OPTIMUM,0.12443,9.44621,9.80071,OPTIMUM,0.12721,2.59548,2.95221,13.03993
wine,1732,0.1,0.7,1,2,40,0,84,0,0,0,,,,OPTIMUM,0.11798,0.84914,0.99824,UNSATISFIABLE,0.12364,0.09666,0.45488,,,,,1.0949
wingnut,1732,0.1,0.7,1,0,360,0,351,0,1094,67,1094,67,1.000000000000000,OPTIMUM,0.19803,0.17232,0.42527,OPTIMUM,0.19637,0.19114,2.80029,OPTIMUM,0.42705,0.15901,2.99050,0.77542
wingnut,1732,0.1,0.7,1,1,360,0,351,0,0,0,,,,OPTIMUM,0.19803,0.17232,0.42527,UNSATISFIABLE,0.17959,0.14821,2.74059,,,,,0.57348
chainlink,1732,0.1,1.0,1,0,501,6,480,13,989,11,989,11,0.956440405348377,OPTIMUM,0.20757,259.21089,259.48066,OPTIMUM,0.21764,0.24328,2.73023,OPTIMUM,0.21169,0.34216,2.83434,260.0661
chainlink,1732,0.1,1.0,1,1,501,6,480,13,0,0,,,,OPTIMUM,0.20757,259.21089,259.48066,UNSATISFIABLE,0.20916,0.22215,2.71699,,,,,259.70281
ionosphere,1732,0.1,1.0,1,0,165,11,153,22,3577,99,3577,99,0.643503040480370,SATISFIABLE,0.36884,900.01579,900.47050,OPTIMUM,0.38451,12.00509,12.63900,OPTIMUM,0.44213,11.96418,12.65719,924.4397700000001
ionosphere,1732,0.1,1.0,1,1,165,11,153,22,0,0,,,,SATISFIABLE,0.36884,900.01579,900.47050,UNSATISFIABLE,0.38654,5.92284,6.56536,,,,,906.39334
iris,1732,0.1,1.0,1,0,54,0,96,0,755,11,755,15,0.885665306122449,OPTIMUM,0.05711,0.18421,0.25528,OPTIMUM,0.06270,0.13958,0.42777,OPTIMUM,0.06587,0.10919,0.43688,0.50405
iris,1732,0.1,1.0,1,1,54,0,96,0,854,23,854,23,0.960266666666667,OPTIMUM,0.05711,0.18421,0.25528,OPTIMUM,0.06680,0.17471,0.47324,OPTIMUM,0.06781,0.08959,0.39485,0.5195799999999999
iris,1732,0.1,1.0,1,2,54,0,96,0,0,0,,,,OPTIMUM,0.05711,0.18421,0.25528,UNSATISFIABLE,0.06815,0.06697,0.36061,,,,,0.32225000000000004
lsun,1732,0.1,1.0,1,0,137,0,263,0,923,62,923,104,1.000000000000000,OPTIMUM,0.10887,0.21666,0.36733,OPTIMUM,0.10568,0.43897,1.10288,OPTIMUM,0.11284,0.12676,0.79720,0.93306
lsun,1732,0.1,1.0,1,1,137,0,263,0,0,0,,,,OPTIMUM,0.10887,0.21666,0.36733,UNSATISFIABLE,0.16547,0.11987,0.83677,,,,,0.48719999999999997
seeds,1732,0.1,1.0,1,0,68,0,141,1,1083,8,1083,8,0.864137875334632,OPTIMUM,0.11738,2.42211,2.56574,OPTIMUM,0.11848,0.54386,1.13750,OPTIMUM,0.09259,0.37617,0.94445,3.48577
seeds,1732,0.1,1.0,1,1,68,0,141,1,0,0,,,,OPTIMUM,0.11738,2.42211,2.56574,UNSATISFIABLE,0.09553,0.70484,1.27772,,,,,3.27058
spam,1732,0.1,1.0,1,0,1638,758,1504,701,2430,0,2430,0,0.363381295533702,SATISFIABLE,10.26788,900.06400,912.57129,OPTIMUM,10.23223,123.48948,161.50846,OPTIMUM,9.87606,74.73677,112.52844,1110.79754
spam,1732,0.1,1.0,1,1,1638,758,1504,701,0,0,,,,SATISFIABLE,10.26788,900.06400,912.57129,UNSATISFIABLE,9.64393,15.16375,52.80223,,,,,927.73504
target,1732,0.1,1.0,1,0,401,0,369,0,649,0,649,0,0.982918417950691,OPTIMUM,0.82025,2.46795,3.57385,OPTIMUM,0.79691,3.74531,8.11297,OPTIMUM,0.84643,1.13716,5.40833,8.45632
target,1732,0.1,1.0,1,1,401,0,369,0,650,164,650,164,1.000000000000000,OPTIMUM,0.82025,2.46795,3.57385,OPTIMUM,0.84848,3.52483,7.84035,OPTIMUM,0.85430,0.81704,5.13430,7.91572
target,1732,0.1,1.0,1,2,401,0,369,0,0,0,,,,OPTIMUM,0.82025,2.46795,3.57385,UNSATISFIABLE,0.88869,11.82074,16.12307,,,,,15.39459
wine,1732,0.1,1.0,1,0,60,0,118,0,1272,8,1272,47,0.948536452404616,OPTIMUM,0.11584,0.71229,0.85572,OPTIMUM,0.12476,8.97855,9.21380,OPTIMUM,0.15940,2.68588,2.96745,12.520150000000001
wine,1732,0.1,1.0,1,1,60,0,118,0,1274,71,1274,71,0.983243858364705,OPTIMUM,0.11584,0.71229,0.85572,OPTIMUM,0.12907,1.69507,1.94483,OPTIMUM,0.12811,1.05950,1.29991,3.61029
wine,1732,0.1,1.0,1,2,60,0,118,0,0,0,,,,OPTIMUM,0.11584,0.71229,0.85572,UNSATISFIABLE,0.12773,0.14610,0.39899,,,,,1.00182
wingnut,1732,0.1,1.0,1,0,526,0,490,0,1094,67,1094,67,1.000000000000000,OPTIMUM,0.20280,0.16388,0.42489,OPTIMUM,0.19818,0.17141,2.28924,OPTIMUM,0.42048,0.15290,2.47356,0.7492000000000001
wingnut,1732,0.1,1.0,1,1,526,0,490,0,0,0,,,,OPTIMUM,0.20280,0.16388,0.42489,UNSATISFIABLE,0.17947,0.14178,2.23225,,,,,0.56667
chainlink,1732,0.1,1.5,1,0,770,9,702,19,989,11,989,11,0.960360326360835,SATISFIABLE,0.21713,900.01539,900.28716,OPTIMUM,0.21376,0.23137,2.72800,OPTIMUM,0.19698,0.36743,2.86934,900.88596
chainlink,1732,0.1,1.5,1,1,770,9,702,19,0,0,,,,SATISFIABLE,0.21713,900.01539,900.28716,UNSATISFIABLE,0.19753,0.19436,2.67619,,,,,900.4815199999999
glass,1732,0.1,1.5,1,0,52,32,232,5,1469,5,1469,5,0.297747824793155,SATISFIABLE,0.33890,900.01512,900.44851,OPTIMUM,0.33414,312.88657,313.47069,OPTIMUM,0.37059,321.43014,322.05559,1534.76522
glass,1732,0.1,1.5,1,1,52,32,232,5,0,0,,,,SATISFIABLE,0.33890,900.01512,900.44851,UNSATISFIABLE,0.30883,105.13392,105.69259,,,,,1005.58243
ionosphere,1732,0.1,1.5,1,0,261,21,201,43,3577,99,3577,99,0.662356563112231,SATISFIABLE,0.36192,900.01358,900.46539,OPTIMUM,0.38046,10.55469,11.23335,OPTIMUM,0.42974,11.29355,12.01140,922.31363
ionosphere,1732,0.1,1.5,1,1,261,21,201,43,0,0,,,,SATISFIABLE,0.36192,900.01358,900.46539,UNSATISFIABLE,0.37984,8.66908,9.34356,,,,,909.13447
iris,1732,0.1,1.5,1,0,77,0,148,0,854,9,854,23,0.979932004718040,OPTIMUM,0.05576,0.07803,0.14794,OPTIMUM,0.05964,0.19192,0.44736,OPTIMUM,0.06472,0.07449,0.36295,0.41435
iris,1732,0.1,1.5,1,1,77,0,148,0,0,0,,,,OPTIMUM,0.05576,0.07803,0.14794,UNSATISFIABLE,0.06477,0.07062,0.32886,,,,,0.21855999999999998
lsun,1732,0.1,1.5,1,0,211,0,389,0,923,8,923,104,1.000000000000000,OPTIMUM,0.12358,0.26368,0.42984,OPTIMUM,0.10479,0.40795,0.97679,OPTIMUM,0.10929,0.13696,0.71103,0.97475
lsun,1732,0.1,1.5,1,1,211,0,389,0,0,0,,,,OPTIMUM,0.12358,0.26368,0.42984,UNSATISFIABLE,0.10959,0.11687,0.69548,,,,,0.54671
seeds,1732,0.1,1.5,1,0,97,2,214,2,1083,18,1083,18,0.915735941532389,OPTIMUM,0.11776,49.80864,49.95796,OPTIMUM,0.11744,0.36748,0.86883,OPTIMUM,0.09277,0.19137,0.68566,50.51681
seeds,1732,0.1,1.5,1,1,97,2,214,2,0,0,,,,OPTIMUM,0.11776,49.80864,49.95796,UNSATISFIABLE,0.09356,0.08568,0.57739,,,,,50.04364
spam,1732,0.1,1.5,1,0,2712,889,1316,1984,2429,0,2429,0,0.155304479414176,SATISFIABLE,10.40596,900.08036,912.73644,OPTIMUM,9.96820,115.85034,153.56543,OPTIMUM,9.66743,133.32504,170.88404,1161.91182
spam,1732,0.1,1.5,1,1,2712,889,1316,1984,0,0,,,,SATISFIABLE,10.40596,900.08036,912.73644,UNSATISFIABLE,9.44574,15.16972,52.47940,,,,,927.90616
target,1732,0.1,1.5,1,0,602,0,553,0,649,0,649,0,0.992635073291067,OPTIMUM,0.82968,2.26723,3.38719,OPTIMUM,0.81005,6.65132,10.80300,OPTIMUM,0.70228,0.74295,4.65313,10.781460000000001
target,1732,0.1,1.5,1,1,602,0,553,0,650,14,650,164,1.000000000000000,OPTIMUM,0.82968,2.26723,3.38719,OPTIMUM,0.97481,2.71060,6.87496,OPTIMUM,0.85934,0.83011,4.96515,6.9279
target,1732,0.1,1.5,1,2,602,0,553,0,0,0,,,,OPTIMUM,0.82968,2.26723,3.38719,UNSATISFIABLE,0.92732,5.69309,10.03645,,,,,9.08028
wine,1732,0.1,1.5,1,0,85,0,182,0,1275,8,1275,71,0.984956180144134,OPTIMUM,0.11762,0.84476,0.99594,OPTIMUM,0.13097,1.06361,1.30149,OPTIMUM,0.15778,0.39966,0.67483,2.4592099999999997
wine,1732,0.1,1.5,1,1,85,0,182,0,0,0,,,,OPTIMUM,0.11762,0.84476,0.99594,UNSATISFIABLE,0.12630,0.14489,0.38571,,,,,1.14083
wingnut,1732,0.1,1.5,1,0,802,0,722,0,1094,67,1094,67,1.000000000000000,OPTIMUM,0.19755,0.15362,0.40720,OPTIMUM,0.19555,0.16243,2.02402,OPTIMUM,0.17786,0.15521,1.99617,0.7248399999999999
wingnut,1732,0.1,1.5,1,1,802,0,722,0,0,0,,,,OPTIMUM,0.19755,0.15362,0.40720,UNSATISFIABLE,0.42717,0.14158,2.22685,,,,,0.54878
chainlink,1732,0.1,1.75,1,0,891,10,828,21,989,11,989,11,0.960360326360835,OPTIMUM,0.21577,775.00552,775.27664,OPTIMUM,0.20960,0.22263,2.75446,OPTIMUM,0.19764,0.26563,2.77938,775.7649
chainlink,1732,0.1,1.75,1,1,891,10,828,21,0,0,,,,OPTIMUM,0.21577,775.00552,775.27664,UNSATISFIABLE,0.19588,0.21215,2.73880,,,,,775.48879
glass,1732,0.1,1.75,1,0,70,26,266,12,1471,6,1471,6,0.443658105035440,SATISFIABLE,0.34253,900.01723,900.45414,OPTIMUM,0.33026,89.22048,89.73499,OPTIMUM,0.31174,249.53890,250.09363,1239.21352
glass,1732,0.1,1.75,1,1,70,26,266,12,0,0,,,,SATISFIABLE,0.34253,900.01723,900.45414,UNSATISFIABLE,0.30753,84.30706,84.79888,,,,,984.7612
ionosphere,1732,0.1,1.75,1,0,309,23,254,28,3577,99,3577,99,0.732556202323315,SATISFIABLE,0.36413,900.01603,900.47025,OPTIMUM,0.38087,10.37463,11.03630,OPTIMUM,0.44084,3.04454,3.76673,913.88942
ionosphere,1732,0.1,1.75,1,1,309,23,254,28,0,0,,,,SATISFIABLE,0.36413,900.01603,900.47025,UNSATISFIABLE,0.38091,7.44792,8.10703,,,,,907.9181699999999
iris,1732,0.1,1.75,1,0,88,0,174,0,854,9,854,23,0.979932004718040,OPTIMUM,0.05875,0.07860,0.15496,OPTIMUM,0.06123,0.12047,0.36049,OPTIMUM,0.06546,0.08994,0.34115,0.36537
iris,1732,0.1,1.75,1,1,88,0,174,0,0,0,,,,OPTIMUM,0.05875,0.07860,0.15496,UNSATISFIABLE,0.09410,0.06447,0.34225,,,,,0.21943
lsun,1732,0.1,1.75,1,0,247,0,453,0,923,2,923,104,1.000000000000000,OPTIMUM,0.10473,0.19474,0.33601,OPTIMUM,0.10390,0.12551,0.67930,OPTIMUM,0.10780,0.11771,0.67670,0.57923
lsun,1732,0.1,1.75,1,1,247,0,453,0,0,0,,,,OPTIMUM,0.10473,0.19474,0.33601,UNSATISFIABLE,0.10834,0.11234,0.67872,,,,,0.44834999999999997
seeds,1732,0.1,1.75,1,0,111,2,251,3,1083,18,1083,18,0.943137212378825,OPTIMUM,0.11286,118.19477,118.33771,OPTIMUM,0.12007,0.17215,0.55399,OPTIMUM,0.09443,0.17827,0.53572,118.68813
seeds,1732,0.1,1.75,1,1,111,2,251,3,0,0,,,,OPTIMUM,0.11286,118.19477,118.33771,UNSATISFIABLE,0.09442,0.09272,0.44202,,,,,118.43043
spam,1732,0.1,1.75,1,0,2988,1213,2321,1529,2432,1,2432,1,0.303279921074072,SATISFIABLE,10.31321,900.08305,912.63942,OPTIMUM,10.30728,82.03091,120.88174,OPTIMUM,9.92827,58.99370,97.65852,1053.66403
spam,1732,0.1,1.75,1,1,2988,1213,2321,1529,0,0,,,,SATISFIABLE,10.31321,900.08305,912.63942,UNSATISFIABLE,9.70833,15.11573,53.66349,,,,,927.75515
target,1732,0.1,1.75,1,0,686,0,661,0,649,0,649,0,0.987750385192708,OPTIMUM,0.83825,2.49823,3.63369,OPTIMUM,0.79614,3.13200,7.21078,OPTIMUM,0.69780,0.71161,4.66980,7.4773000000000005
target,1732,0.1,1.75,1,1,686,0,661,0,650,7,650,164,1.000000000000000,OPTIMUM,0.83825,2.49823,3.63369,OPTIMUM,0.68707,2.88286,6.68805,OPTIMUM,0.97081,0.70297,4.77861,7.21952
target,1732,0.1,1.75,1,2,686,0,661,0,0,0,,,,OPTIMUM,0.83825,2.49823,3.63369,UNSATISFIABLE,0.86412,11.61315,15.58439,,,,,15.246839999999999
wine,1732,0.1,1.75,1,0,104,0,207,0,1275,2,1275,71,1.000000000000000,OPTIMUM,0.11646,0.39148,0.54121,OPTIMUM,0.12119,0.32159,0.54869,OPTIMUM,0.15591,0.43455,0.69764,1.29735
wine,1732,0.1,1.75,1,1,104,0,207,0,0,0,,,,OPTIMUM,0.11646,0.39148,0.54121,UNSATISFIABLE,0.12400,0.13856,0.37756,,,,,0.67977
wingnut,1732,0.1,1.75,1,0,938,0,840,0,1094,67,1094,67,1.000000000000000,OPTIMUM,0.19934,0.16033,0.41836,OPTIMUM,0.19459,0.16726,1.89960,OPTIMUM,0.17806,0.14833,1.85854,0.73395
wingnut,1732,0.1,1.75,1,1,938,0,840,0,0,0,,,,OPTIMUM,0.19934,0.16033,0.41836,UNSATISFIABLE,0.41953,0.14720,2.09528,,,,,0.5655600000000001
chainlink,1732,0.1,2.0,1,0,1010,10,958,22,989,11,989,11,0.960360326360835,OPTIMUM,0.21590,255.23892,255.52083,OPTIMUM,0.22753,0.21133,2.79758,OPTIMUM,0.20996,0.36155,2.93050,256.09371
chainlink,1732,0.1,2.0,1,1,1010,10,958,22,0,0,,,,OPTIMUM,0.21590,255.23892,255.52083,UNSATISFIABLE,0.19966,0.19312,2.74515,,,,,255.71394999999998
glass,1732,0.1,2.0,1,0,69,45,296,18,1477,2,1477,2,0.261466974963221,SATISFIABLE,0.35310,900.01321,900.45964,OPTIMUM,0.33192,323.25193,323.77158,OPTIMUM,0.31509,222.08840,222.64144,1445.79997
glass,1732,0.1,2.0,1,1,69,45,296,18,0,0,,,,SATISFIABLE,0.35310,900.01321,900.45964,UNSATISFIABLE,0.30714,94.84186,95.33974,,,,,995.3015
ionosphere,1732,0.1,2.0,1,0,353,30,281,38,3577,99,3577,99,0.751671190698051,SATISFIABLE,0.37685,900.01303,900.47960,OPTIMUM,0.37611,7.76470,8.44165,OPTIMUM,0.43331,10.53855,11.26299,918.7828499999999
ionosphere,1732,0.1,2.0,1,1,353,30,281,38,0,0,,,,SATISFIABLE,0.37685,900.01303,900.47960,UNSATISFIABLE,0.37820,0.37408,1.03969,,,,,900.85368
iris,1732,0.1,2.0,1,0,108,0,192,0,854,23,854,23,0.979932004718040,OPTIMUM,0.05593,0.06773,0.13713,OPTIMUM,0.06077,0.09413,0.29204,OPTIMUM,0.06550,0.07925,0.28895,0.31051
iris,1732,0.1,2.0,1,1,108,0,192,0,0,0,,,,OPTIMUM,0.05593,0.06773,0.13713,UNSATISFIABLE,0.09630,0.06666,0.30007,,,,,0.20379
lsun,1732,0.1,2.0,1,0,285,0,515,0,923,4,923,104,1.000000000000000,OPTIMUM,0.11231,0.18531,0.33978,OPTIMUM,0.11033,0.12248,0.66695,OPTIMUM,0.11189,0.10857,0.65253,0.57083
lsun,1732,0.1,2.0,1,1,285,0,515,0,0,0,,,,OPTIMUM,0.11231,0.18531,0.33978,UNSATISFIABLE,0.11241,0.10706,0.64981,,,,,0.44684
seeds,1732,0.1,2.0,1,0,131,4,277,8,1047,18,1047,18,0.916660135754256,SATISFIABLE,0.11513,900.01481,900.15811,OPTIMUM,0.11928,0.14418,0.55601,OPTIMUM,0.09294,0.12827,0.50791,900.43056
seeds,1732,0.1,2.0,1,1,131,4,277,8,0,0,,,,SATISFIABLE,0.11513,900.01481,900.15811,UNSATISFIABLE,0.09246,0.07966,0.45907,,,,,900.23777
spam,1732,0.1,2.0,1,0,3693,1100,2771,1638,2429,6,2429,6,0.405330228413524,SATISFIABLE,10.10318,900.09502,912.51042,OPTIMUM,9.91467,84.34151,122.40666,OPTIMUM,9.68393,72.83018,110.94496,1069.68211
spam,1732,0.1,2.0,1,1,3693,1100,2771,1638,0,0,,,,SATISFIABLE,10.10318,900.09502,912.51042,UNSATISFIABLE,9.52133,15.10445,53.01628,,,,,927.61487
target,1732,0.1,2.0,1,0,781,0,759,0,650,5,650,164,1.000000000000000,OPTIMUM,0.85717,2.38283,3.53758,OPTIMUM,0.80709,2.82230,6.81739,OPTIMUM,0.69697,0.71607,4.43585,7.075950000000001
target,1732,0.1,2.0,1,1,781,0,759,0,0,0,,,,OPTIMUM,0.85717,2.38283,3.53758,UNSATISFIABLE,0.99713,4.93517,8.95657,,,,,8.472750000000001
wine,1732,0.1,2.0,1,0,123,0,233,0,1275,71,1275,71,0.984956180144134,OPTIMUM,0.11605,0.27057,0.41885,OPTIMUM,0.12182,0.27448,0.51134,OPTIMUM,0.15558,0.64906,0.91821,1.34239
wine,1732,0.1,2.0,1,1,123,0,233,0,0,0,,,,OPTIMUM,0.11605,0.27057,0.41885,UNSATISFIABLE,0.12451,0.14053,0.37201,,,,,0.55938
wingnut,1732,0.1,2.0,1,0,1072,0,960,0,1094,67,1094,67,1.000000000000000,OPTIMUM,0.20038,0.15350,0.40921,OPTIMUM,0.19636,0.15111,1.91024,OPTIMUM,0.18073,0.15043,1.88525,0.71075
wingnut,1732,0.1,2.0,1,1,1072,0,960,0,0,0,,,,OPTIMUM,0.20038,0.15350,0.40921,UNSATISFIABLE,0.42969,0.14517,2.12410,,,,,0.55438
chainlink,1732,0.1,0.1,1,0,52,0,48,0,989,4,989,17,0.933089028748594,OPTIMUM,0.20875,0.78707,1.04327,OPTIMUM,0.23164,2.14651,4.72346,OPTIMUM,0.20714,1.35383,3.87119,4.54361
chainlink,1732,0.1,0.1,1,1,52,0,48,0,0,0,,,,OPTIMUM,0.20875,0.78707,1.04327,UNSATISFIABLE,0.49159,0.24589,3.04111,,,,,1.2891599999999999
glass,1732,0.1,0.1,1,0,9,0,12,0,1109,1,1109,1,0.149745949495291,OPTIMUM,0.34552,1.00889,1.41093,OPTIMUM,0.33296,4.32355,4.92580,OPTIMUM,0.34540,3.97479,4.59688,9.70927
glass,1732,0.1,0.1,1,1,9,0,12,0,1110,2,1110,2,0.166212847556194,OPTIMUM,0.34552,1.00889,1.41093,OPTIMUM,0.30983,2.36948,2.94607,OPTIMUM,0.35414,1.92392,2.54492,5.70433
glass,1732,0.1,0.1,1,2,9,0,12,0,1118,4,1118,19,0.182588255013638,OPTIMUM,0.34552,1.00889,1.41093,OPTIMUM,0.30377,3.33329,3.94323,OPTIMUM,0.30110,2.59670,3.16398,7.340920000000001
glass,1732,0.1,0.1,1,3,9,0,12,0,1143,21,1143,24,0.222156194596966,OPTIMUM,0.34552,1.00889,1.41093,OPTIMUM,0.33761,3.28497,3.89148,OPTIMUM,0.30061,11.09791,11.72016,15.79381
glass,1732,0.1,0.1,1,4,9,0,12,0,1162,29,1162,29,0.187729886320963,OPTIMUM,0.34552,1.00889,1.41093,OPTIMUM,0.30774,5.67851,6.25180,OPTIMUM,0.35179,5.90377,6.52288,12.99321
glass,1732,0.1,0.1,1,5,9,0,12,0,1241,30,1241,51,0.203991889125707,OPTIMUM,0.34552,1.00889,1.41093,OPTIMUM,0.29967,2.68740,3.25624,OPTIMUM,0.35524,2.11825,2.74137,6.21658
glass,1732,0.1,0.1,1,6,9,0,12,0,0,0,,,,OPTIMUM,0.34552,1.00889,1.41093,UNSATISFIABLE,0.33909,1.69391,2.29768,,,,,3.1048400000000003
ionosphere,1732,0.1,0.1,1,0,23,0,12,0,3567,56,3567,240,0.447202951580080,OPTIMUM,0.36284,0.42445,0.86486,OPTIMUM,0.37462,7.85217,8.43547,OPTIMUM,0.42109,4.69081,5.33681,13.40784
ionosphere,1732,0.1,0.1,1,1,23,0,12,0,0,0,,,,OPTIMUM,0.36284,0.42445,0.86486,UNSATISFIABLE,0.38286,0.36445,0.96185,,,,,1.22931
iris,1732,0.1,0.1,1,0,4,0,11,0,755,2,755,36,0.885792100198963,OPTIMUM,0.05558,0.10028,0.17220,OPTIMUM,0.06314,0.12292,0.84273,OPTIMUM,0.06540,0.10945,0.81420,0.40457
iris,1732,0.1,0.1,1,1,4,0,11,0,0,0,,,,OPTIMUM,0.05558,0.10028,0.17220,UNSATISFIABLE,0.06646,0.08420,0.78826,,,,,0.25639999999999996
libras,1732,0.1,0.1,1,0,3,0,33,0,3135,1,3135,68,0.122938227477950,OPTIMUM,7.81987,25.72582,34.77554,OPTIMUM,7.79810,70.07554,79.79496,OPTIMUM,7.90270,96.61992,106.58327,201.471
libras,1732,0.1,0.1,1,1,3,0,33,0,3296,72,3296,73,0.140569936311379,OPTIMUM,7.81987,25.72582,34.77554,OPTIMUM,7.88952,87.72948,97.56506,OPTIMUM,7.87766,77.63372,87.45708,200.13873999999998
libras,1732,0.1,0.1,1,2,3,0,33,0,3509,74,3509,99,0.136804388539490,OPTIMUM,7.81987,25.72582,34.77554,OPTIMUM,7.63240,149.70238,159.41254,OPTIMUM,7.70853,76.98783,86.63741,261.46575
libras,1732,0.1,0.1,1,3,3,0,33,0,3663,100,3663,138,0.146423940581446,OPTIMUM,7.81987,25.72582,34.77554,OPTIMUM,7.63597,184.99171,194.67715,OPTIMUM,7.60431,94.68491,104.34487,314.45216000000005
libras,1732,0.1,0.1,1,4,3,0,33,0,0,0,,,,OPTIMUM,7.81987,25.72582,34.77554,UNSATISFIABLE,7.74208,23.18886,32.87290,,,,,57.9644
lsun,1732,0.1,0.1,1,0,9,0,31,0,733,2,733,6,0.628680304710817,OPTIMUM,0.10335,0.94047,1.07642,OPTIMUM,0.11286,0.69479,5.78544,OPTIMUM,0.11608,0.51706,5.62780,2.28827
lsun,1732,0.1,0.1,1,1,9,0,31,0,734,9,734,9,0.636555581468369,OPTIMUM,0.10335,0.94047,1.07642,OPTIMUM,0.11821,0.28999,5.43079,OPTIMUM,0.11327,0.56209,5.64240,1.9284999999999999
lsun,1732,0.1,0.1,1,2,9,0,31,0,745,11,745,15,0.672749982182725,OPTIMUM,0.10335,0.94047,1.07642,OPTIMUM,0.17896,0.30582,5.46976,OPTIMUM,0.11486,0.65909,5.75523,2.04133
lsun,1732,0.1,0.1,1,3,9,0,31,0,758,17,758,17,0.665770393366493,OPTIMUM,0.10335,0.94047,1.07642,OPTIMUM,0.11574,0.55362,5.65178,OPTIMUM,0.11624,0.77236,5.88074,2.4024
lsun,1732,0.1,0.1,1,4,9,0,31,0,846,24,846,24,0.805433291523023,OPTIMUM,0.10335,0.94047,1.07642,OPTIMUM,0.11491,0.88257,5.99037,OPTIMUM,0.11394,1.92849,7.00766,3.88748
lsun,1732,0.1,0.1,1,5,9,0,31,0,917,25,917,25,0.777761880687873,OPTIMUM,0.10335,0.94047,1.07642,OPTIMUM,0.16678,0.66538,5.79569,OPTIMUM,0.11496,2.71690,7.81308,4.4587
lsun,1732,0.1,0.1,1,6,9,0,31,0,923,28,923,104,1.000000000000000,OPTIMUM,0.10335,0.94047,1.07642,OPTIMUM,0.11608,0.33085,5.43503,OPTIMUM,0.11534,2.84902,7.97025,4.25629
lsun,1732,0.1,0.1,1,7,9,0,31,0,0,0,,,,OPTIMUM,0.10335,0.94047,1.07642,UNSATISFIABLE,0.11498,0.22297,5.32227,,,,,1.2993899999999998
seeds,1732,0.1,0.1,1,0,8,0,13,0,896,1,896,46,0.688839261976923,OPTIMUM,0.11076,0.09193,0.22153,OPTIMUM,0.11740,0.19314,1.31153,OPTIMUM,0.09825,0.15814,1.25697,0.57281
seeds,1732,0.1,0.1,1,1,8,0,13,0,920,58,920,67,0.718748893339577,OPTIMUM,0.11076,0.09193,0.22153,OPTIMUM,0.13742,0.26455,1.40323,OPTIMUM,0.09237,0.14666,1.24820,0.6327400000000001
seeds,1732,0.1,0.1,1,2,8,0,13,0,0,0,,,,OPTIMUM,0.11076,0.09193,0.22153,UNSATISFIABLE,0.12987,0.13563,1.27633,,,,,0.35716000000000003
spam,1732,0.1,0.1,1,0,200,40,183,37,2429,6,2429,6,0.532726180842334,SATISFIABLE,10.28232,900.05227,912.45993,OPTIMUM,9.92076,309.92353,396.19413,OPTIMUM,9.67231,229.44544,315.24567,1451.8289
spam,1732,0.1,0.1,1,1,200,40,183,37,0,0,,,,SATISFIABLE,10.28232,900.05227,912.45993,UNSATISFIABLE,9.46329,105.37443,189.08842,,,,,1017.83436
target,1732,0.1,0.1,1,0,34,0,43,0,632,3,632,13,0.604836448896401,OPTIMUM,0.80391,10.88625,11.97501,OPTIMUM,0.80918,2.71149,7.97274,OPTIMUM,0.87066,1.13218,6.33567,15.818679999999999
target,1732,0.1,0.1,1,1,34,0,43,0,639,14,639,15,0.769933617753174,OPTIMUM,0.80391,10.88625,11.97501,OPTIMUM,0.84200,3.86666,9.18358,OPTIMUM,0.69610,1.41806,6.56712,17.259729999999998
target,1732,0.1,0.1,1,2,34,0,43,0,642,16,642,17,0.787986675162128,OPTIMUM,0.80391,10.88625,11.97501,OPTIMUM,0.84919,3.73514,8.91031,OPTIMUM,0.85873,1.75992,7.05090,17.47007
target,1732,0.1,0.1,1,3,34,0,43,0,643,18,643,18,0.784594441953773,OPTIMUM,0.80391,10.88625,11.97501,OPTIMUM,0.69040,4.01059,9.15836,OPTIMUM,0.84296,2.10308,7.23901,18.088679999999997
target,1732,0.1,0.1,1,4,34,0,43,0,644,19,644,21,0.899323212964445,OPTIMUM,0.80391,10.88625,11.97501,OPTIMUM,0.83430,3.72297,9.01619,OPTIMUM,0.84257,0.98561,6.12664,16.68359
target,1732,0.1,0.1,1,5,34,0,43,0,646,22,646,26,0.948038206810502,OPTIMUM,0.80391,10.88625,11.97501,OPTIMUM,0.83783,3.50828,8.66174,OPTIMUM,0.81868,1.01543,6.30881,16.49872
target,1732,0.1,0.1,1,6,34,0,43,0,650,164,650,164,1.000000000000000,OPTIMUM,0.80391,10.88625,11.97501,OPTIMUM,0.83202,5.67064,11.05114,OPTIMUM,0.83185,0.98316,6.09075,18.62881
target,1732,0.1,0.1,1,7,34,0,43,0,0,0,,,,OPTIMUM,0.80391,10.88625,11.97501,UNSATISFIABLE,0.81825,5.52051,10.80058,,,,,17.49552
wine,1732,0.1,0.1,1,0,7,0,10,0,1178,4,1178,71,0.799298044238133,OPTIMUM,0.11483,0.15493,0.30157,OPTIMUM,0.12172,0.22513,0.61403,OPTIMUM,0.12589,0.12921,0.49199,0.65591
wine,1732,0.1,0.1,1,1,7,0,10,0,0,0,,,,OPTIMUM,0.11483,0.15493,0.30157,UNSATISFIABLE,0.12617,0.11388,0.47956,,,,,0.41545
wingnut,1732,0.1,0.1,1,0,55,0,46,0,1094,67,1094,67,1.000000000000000,OPTIMUM,0.19092,0.21654,0.46363,OPTIMUM,0.20085,0.29870,22.30274,OPTIMUM,0.18784,0.25892,22.47590,1.02125
wingnut,1732,0.1,0.1,1,1,55,0,46,0,0,0,,,,OPTIMUM,0.19092,0.21654,0.46363,UNSATISFIABLE,0.18743,0.26388,22.36655,,,,,0.72751
chainlink,1732,0.1,0.25,1,0,126,0,119,5,989,8,989,11,0.925369297281268,OPTIMUM,0.21066,52.05323,52.32657,OPTIMUM,0.21919,1.21249,3.81093,OPTIMUM,0.19593,1.06162,3.64234,54.60068
chainlink,1732,0.1,0.25,1,1,126,0,119,5,0,0,,,,OPTIMUM,0.21066,52.05323,52.32657,UNSATISFIABLE,0.19770,0.46106,3.27146,,,,,52.78763
glass,1732,0.1,0.25,1,0,20,0,33,0,1109,1,1109,1,0.218390967749681,OPTIMUM,0.34372,2.21827,2.63560,OPTIMUM,0.32782,39.38034,39.97762,OPTIMUM,0.34168,40.18074,40.79981,82.19668
glass,1732,0.1,0.25,1,1,20,0,33,0,1110,2,1110,2,0.206756949065331,OPTIMUM,0.34372,2.21827,2.63560,OPTIMUM,0.30678,36.94552,37.51875,OPTIMUM,0.35326,16.05394,16.68072,55.635059999999996
glass,1732,0.1,0.25,1,2,20,0,33,0,1118,5,1118,18,0.184139358318293,OPTIMUM,0.34372,2.21827,2.63560,OPTIMUM,0.30262,8.94828,9.55398,OPTIMUM,0.29930,40.76394,41.32987,52.34782
glass,1732,0.1,0.25,1,3,20,0,33,0,1229,20,1229,24,0.183187153724160,OPTIMUM,0.34372,2.21827,2.63560,OPTIMUM,0.34079,10.19131,10.79655,OPTIMUM,0.30037,9.46519,10.03277,22.292099999999998
glass,1732,0.1,0.25,1,4,20,0,33,0,1257,25,1257,29,0.341559933594445,OPTIMUM,0.34372,2.21827,2.63560,OPTIMUM,0.35584,12.59092,13.20753,OPTIMUM,0.34002,9.26246,9.86305,24.48898
glass,1732,0.1,0.25,1,5,20,0,33,0,0,0,,,,OPTIMUM,0.34372,2.21827,2.63560,UNSATISFIABLE,0.29937,1.68264,2.24216,,,,,4.31824
ionosphere,1732,0.1,0.25,1,0,49,0,36,2,3572,9,3572,195,0.529022769917339,SATISFIABLE,0.37637,900.01672,900.47211,OPTIMUM,0.39212,457.14146,457.78729,OPTIMUM,0.44155,243.34066,244.03579,1600.95423
ionosphere,1732,0.1,0.25,1,1,49,0,36,2,0,0,,,,SATISFIABLE,0.37637,900.01672,900.47211,UNSATISFIABLE,0.38822,8.10825,8.74790,,,,,908.58036
iris,1732,0.1,0.25,1,0,14,0,23,0,755,10,755,24,0.851456931395815,OPTIMUM,0.05526,0.05815,0.13029,OPTIMUM,0.06209,0.09654,0.65774,OPTIMUM,0.06565,0.08745,0.61401,0.31428
iris,1732,0.1,0.25,1,1,14,0,23,0,0,0,,,,OPTIMUM,0.05526,0.05815,0.13029,UNSATISFIABLE,0.06681,0.07466,0.60177,,,,,0.20495
libras,1732,0.1,0.25,1,0,10,0,80,0,3135,2,3135,68,0.165016632386699,OPTIMUM,8.00160,45.32010,54.50915,OPTIMUM,7.63795,79.91867,89.55190,OPTIMUM,7.80809,158.71541,168.61850,293.14323
libras,1732,0.1,0.25,1,1,10,0,80,0,3296,73,3296,73,0.135375474193750,OPTIMUM,8.00160,45.32010,54.50915,OPTIMUM,7.82021,246.83273,256.79409,OPTIMUM,7.60348,349.38763,359.06862,650.72951
libras,1732,0.1,0.25,1,2,10,0,80,0,3509,78,3509,99,0.148387305280848,OPTIMUM,8.00160,45.32010,54.50915,OPTIMUM,7.54330,153.63304,163.14665,OPTIMUM,7.54072,178.67928,188.29025,386.82147
libras,1732,0.1,0.25,1,3,10,0,80,0,3663,107,3663,138,0.131511232121071,OPTIMUM,8.00160,45.32010,54.50915,OPTIMUM,7.37479,764.67626,774.12172,OPTIMUM,7.62860,409.96575,419.54831,1229.15116
libras,1732,0.1,0.25,1,4,10,0,80,0,0,0,,,,OPTIMUM,8.00160,45.32010,54.50915,UNSATISFIABLE,7.57423,19.30720,28.84749,,,,,73.81635
lsun,1732,0.1,0.25,1,0,32,0,68,0,880,9,880,9,0.924355074247427,OPTIMUM,0.10277,0.94382,1.08444,OPTIMUM,0.10596,0.20319,1.35468,OPTIMUM,0.11370,0.23822,1.46157,1.5258500000000002
lsun,1732,0.1,0.25,1,1,32,0,68,0,901,10,901,19,0.937131719699030,OPTIMUM,0.10277,0.94382,1.08444,OPTIMUM,0.10939,0.45002,1.62033,OPTIMUM,0.10780,0.25062,1.48483,1.7850800000000002
lsun,1732,0.1,0.25,1,2,32,0,68,0,923,29,923,104,1.000000000000000,OPTIMUM,0.10277,0.94382,1.08444,OPTIMUM,0.10834,0.20298,1.37756,OPTIMUM,0.10872,0.33609,1.57070,1.62351
lsun,1732,0.1,0.25,1,3,32,0,68,0,0,0,,,,OPTIMUM,0.10277,0.94382,1.08444,UNSATISFIABLE,0.10718,0.14848,1.30374,,,,,1.23292
seeds,1732,0.1,0.25,1,0,17,0,35,0,903,14,903,30,0.733926190861674,OPTIMUM,0.12804,0.12617,0.27311,OPTIMUM,0.11928,0.24752,1.32620,OPTIMUM,0.09482,0.14676,1.21013,0.66739
seeds,1732,0.1,0.25,1,1,17,0,35,0,942,45,942,46,0.680372329410098,OPTIMUM,0.12804,0.12617,0.27311,OPTIMUM,0.13831,0.20707,1.30334,OPTIMUM,0.09329,0.19212,1.26767,0.6723000000000001
seeds,1732,0.1,0.25,1,2,17,0,35,0,1047,47,1047,67,0.766934785638980,OPTIMUM,0.12804,0.12617,0.27311,OPTIMUM,0.09346,0.13890,1.24972,OPTIMUM,0.09394,0.18418,1.24724,0.59619
seeds,1732,0.1,0.25,1,3,17,0,35,0,0,0,,,,OPTIMUM,0.12804,0.12617,0.27311,UNSATISFIABLE,0.09357,0.13142,1.23203,,,,,0.40453000000000006
spam,1732,0.1,0.25,1,0,406,198,347,199,2430,0,2430,0,0.217838623125257,SATISFIABLE,10.58858,900.05112,912.81931,OPTIMUM,10.41765,408.43666,491.21928,OPTIMUM,10.06541,366.38206,449.76806,1687.63803
spam,1732,0.1,0.25,1,1,406,198,347,199,0,0,,,,SATISFIABLE,10.58858,900.05112,912.81931,UNSATISFIABLE,10.02235,107.43496,191.28896,,,,,1020.25427
target,1732,0.1,0.25,1,0,97,0,95,0,642,4,642,5,0.876604231258488,OPTIMUM,0.82987,3.23929,4.35621,OPTIMUM,0.80915,7.37034,12.56048,OPTIMUM,0.87786,3.19120,8.28705,14.91775
target,1732,0.1,0.25,1,1,97,0,95,0,645,6,645,13,0.952690387891059,OPTIMUM,0.82987,3.23929,4.35621,OPTIMUM,0.84921,4.05710,9.11757,OPTIMUM,0.98947,1.78205,7.03638,10.195359999999999
target,1732,0.1,0.25,1,2,97,0,95,0,650,164,650,164,1.000000000000000,OPTIMUM,0.82987,3.23929,4.35621,OPTIMUM,0.85068,5.91018,10.97426,OPTIMUM,0.84665,0.79777,6.05160,11.064160000000001
target,1732,0.1,0.25,1,3,97,0,95,0,0,0,,,,OPTIMUM,0.82987,3.23929,4.35621,UNSATISFIABLE,0.85526,5.17092,10.21938,,,,,9.52713
wine,1732,0.1,0.25,1,0,15,0,29,0,1178,0,1178,71,0.880838488147211,OPTIMUM,0.11663,0.62192,0.77208,OPTIMUM,0.12325,0.71816,1.11636,OPTIMUM,0.12518,0.42270,0.79514,1.91294
wine,1732,0.1,0.25,1,1,15,0,29,0,0,0,,,,OPTIMUM,0.11663,0.62192,0.77208,UNSATISFIABLE,0.12534,0.10213,0.46848,,,,,0.8742099999999999
wingnut,1732,0.1,0.25,1,0,134,0,120,0,1094,67,1094,67,1.000000000000000,OPTIMUM,0.19265,0.18971,0.43848,OPTIMUM,0.19707,0.23872,4.90116,OPTIMUM,0.17798,0.16808,4.53310,0.84528
wingnut,1732,0.1,0.25,1,1,134,0,120,0,0,0,,,,OPTIMUM,0.19265,0.18971,0.43848,UNSATISFIABLE,0.17861,0.16486,4.56480,,,,,0.60334
chainlink,1732,0.1,0.5,1,0,247,0,245,8,989,4,989,11,0.940840787490903,OPTIMUM,0.21191,99.67103,99.94648,OPTIMUM,0.22598,0.62909,3.37741,OPTIMUM,0.19534,0.64102,3.35649,101.21659
chainlink,1732,0.1,0.5,1,1,247,0,245,8,0,0,,,,OPTIMUM,0.21191,99.67103,99.94648,UNSATISFIABLE,0.21602,0.23859,3.23292,,,,,100.18507
ionosphere,1732,0.1,0.5,1,0,86,9,70,10,3577,99,3577,99,0.635684567397595,SATISFIABLE,0.36823,900.01321,900.46441,OPTIMUM,0.37944,70.74132,71.36300,OPTIMUM,0.45200,31.67863,32.37122,1002.88436
ionosphere,1732,0.1,0.5,1,1,86,9,70,10,0,0,,,,SATISFIABLE,0.36823,900.01321,900.46441,UNSATISFIABLE,0.38093,5.05989,5.68491,,,,,905.5243
iris,1732,0.1,0.5,1,0,29,0,46,0,755,2,755,23,0.885665306122449,OPTIMUM,0.05462,0.07229,0.14817,OPTIMUM,0.06142,0.10034,0.42306,OPTIMUM,0.09641,0.08009,0.44338,0.3286
iris,1732,0.1,0.5,1,1,29,0,46,0,0,0,,,,OPTIMUM,0.05462,0.07229,0.14817,UNSATISFIABLE,0.06639,0.10931,0.44069,,,,,0.25748
libras,1732,0.1,0.5,1,0,14,0,166,0,3593,21,3593,99,0.150266023707478,OPTIMUM,7.85774,65.61993,74.70963,OPTIMUM,7.71253,192.05237,201.27054,OPTIMUM,7.75731,362.94645,372.27358,629.7084500000001
libras,1732,0.1,0.5,1,1,14,0,166,0,3663,105,3663,134,0.115918357490309,OPTIMUM,7.85774,65.61993,74.70963,OPTIMUM,7.72676,2621.29706,2630.61804,OPTIMUM,7.75831,446.71298,456.02528,3142.7196699999995
libras,1732,0.1,0.5,1,2,14,0,166,0,0,0,,,,OPTIMUM,7.85774,65.61993,74.70963,UNSATISFIABLE,7.67536,18.34921,27.59210,,,,,93.05884
lsun,1732,0.1,0.5,1,0,75,0,125,0,903,5,903,19,0.984018767484639,OPTIMUM,0.10613,0.23090,0.37482,OPTIMUM,0.10359,0.23121,0.98799,OPTIMUM,0.10812,0.15454,0.93438,0.76057
lsun,1732,0.1,0.5,1,1,75,0,125,0,923,32,923,104,1.000000000000000,OPTIMUM,0.10613,0.23090,0.37482,OPTIMUM,0.16190,0.24623,1.06209,OPTIMUM,0.10759,0.14175,0.90423,0.7627999999999999
lsun,1732,0.1,0.5,1,2,75,0,125,0,0,0,,,,OPTIMUM,0.10613,0.23090,0.37482,UNSATISFIABLE,0.10805,0.12266,0.94011,,,,,0.49748
seeds,1732,0.1,0.5,1,0,38,0,67,0,1083,18,1083,18,0.822322441953243,OPTIMUM,0.11300,0.90380,1.04425,OPTIMUM,0.11611,0.66920,1.34405,OPTIMUM,0.09239,0.20280,0.85452,1.91625
seeds,1732,0.1,0.5,1,1,38,0,67,0,1490,19,1490,19,0.795795109593871,OPTIMUM,0.11300,0.90380,1.04425,OPTIMUM,0.09336,1.20686,1.86287,OPTIMUM,0.13249,1.04976,1.74194,3.3008699999999997
seeds,1732,0.1,0.5,1,2,38,0,67,0,0,0,,,,OPTIMUM,0.11300,0.90380,1.04425,UNSATISFIABLE,0.09228,0.66910,1.32460,,,,,1.71335
spam,1732,0.1,0.5,1,0,936,232,291,841,2429,0,2429,0,-0.002192736266511,SATISFIABLE,10.52738,900.05236,912.77956,OPTIMUM,10.14426,239.23761,288.89750,OPTIMUM,9.84216,132.93753,182.56299,1284.9546999999998
spam,1732,0.1,0.5,1,1,936,232,291,841,0,0,,,,SATISFIABLE,10.52738,900.05236,912.77956,UNSATISFIABLE,9.65711,70.06030,119.93112,,,,,982.8398599999999
target,1732,0.1,0.5,1,0,190,0,195,0,646,0,646,4,0.952938236769699,OPTIMUM,0.81356,3.18316,4.28868,OPTIMUM,0.80165,3.65982,8.70815,OPTIMUM,0.86770,2.01813,6.91223,9.96663
target,1732,0.1,0.5,1,1,190,0,195,0,649,10,649,13,0.995070118791923,OPTIMUM,0.81356,3.18316,4.28868,OPTIMUM,0.84640,2.55018,7.45338,OPTIMUM,0.85104,1.07570,6.14629,7.914560000000001
target,1732,0.1,0.5,1,2,190,0,195,0,650,17,650,164,1.000000000000000,OPTIMUM,0.81356,3.18316,4.28868,OPTIMUM,0.86978,5.84512,10.81256,OPTIMUM,0.84530,0.80140,5.67832,10.9352
target,1732,0.1,0.5,1,3,190,0,195,0,0,0,,,,OPTIMUM,0.81356,3.18316,4.28868,UNSATISFIABLE,0.83333,5.40787,10.44219,,,,,9.69655
wine,1732,0.1,0.5,1,0,32,0,57,0,1178,38,1178,71,0.804078926225507,OPTIMUM,0.11570,0.53886,0.67767,OPTIMUM,0.12417,0.75698,1.14094,OPTIMUM,0.12612,0.47241,0.83002,1.90706
wine,1732,0.1,0.5,1,1,32,0,57,0,0,0,,,,OPTIMUM,0.11570,0.53886,0.67767,UNSATISFIABLE,0.12578,0.09817,0.45498,,,,,0.77584
wingnut,1732,0.1,0.5,1,0,258,0,250,0,1094,9,1094,67,1.000000000000000,OPTIMUM,0.19937,0.18214,0.43729,OPTIMUM,0.20070,0.40072,5.16657,OPTIMUM,0.18711,0.16697,4.63997,1.00498
wingnut,1732,0.1,0.5,1,1,258,0,250,0,0,0,,,,OPTIMUM,0.19937,0.18214,0.43729,UNSATISFIABLE,0.18332,0.17302,4.65834,,,,,0.61031
glass,1732,0.1,0.5,1,4,34,0,73,0,1369,16,1369,9,0.412063455213223,OPTIMUM,0.33542,108.78133,109.17944,SATISFIABLE,0.34624,5411.13425,5411.75779,SATISFIABLE,0.34209,464.63504,465.24567,5984.94873
glass,1732,0.1,0.5,1,3,34,0,73,0,1459,18,1459,11,0.327906720967742,OPTIMUM,0.33542,108.78133,109.17944,OPTIMUM,0.34596,1116.66654,1117.28744,SATISFIABLE,0.30893,5411.95649,5412.54001,6637.80247
glass,1732,0.1,0.5,1,2,34,0,73,0,1434,17,1434,17,0.417814240894455,OPTIMUM,0.33542,108.78133,109.17944,OPTIMUM,0.30890,2302.41124,2303.03174,OPTIMUM,0.30966,1117.11504,1117.71080,3528.70572
glass,1732,0.1,0.5,1,1,34,0,73,0,1373,9,1373,16,0.355044782128774,OPTIMUM,0.33542,108.78133,109.17944,SATISFIABLE,0.32316,5412.02459,5412.62755,OPTIMUM,0.34779,4177.51600,4178.13969,9698.72003
glass,1732,0.1,0.5,1,0,34,0,73,0,1204,6,1204,6,0.466916494621944,OPTIMUM,0.33542,108.78133,109.17944,SATISFIABLE,0.33745,5412.51498,5413.12150,OPTIMUM,0.35696,5174.04437,5174.67185,10695.73879
glass,1732,0.1,0.7,1,0,40,0,108,1,0,0,,,,SATISFIABLE,0.33152,900.01871,900.43164,UNKNOWN,0.32817,5412.07347,5412.66603,,,,,6312.50511
glass,1732,0.1,1.0,1,1,47,9,155,3,0,0,,,,SATISFIABLE,0.34013,900.01398,900.44617,UNSATISFIABLE,0.33827,803.41188,804.00282,,,,,1703.85805
glass,1732,0.1,1.0,1,0,47,9,155,3,1475,7,1475,7,0.406504260455890,SATISFIABLE,0.34013,900.01398,900.44617,OPTIMUM,0.36450,4184.13989,4184.76203,OPTIMUM,0.38267,2694.10183,2694.74529,7778.687890000001
libras,1732,0.1,1.0,1,2,23,0,337,0,0,0,,,,OPTIMUM,7.94465,83.73297,92.93854,UNKNOWN,7.65134,5413.59132,5422.86861,,,,,5506.529860000001
libras,1732,0.1,1.0,1,1,23,0,337,0,3663,107,3663,130,0.179591038844725,OPTIMUM,7.94465,83.73297,92.93854,OPTIMUM,7.85210,2616.42176,2625.89818,SATISFIABLE,7.65642,5413.85390,5423.13596,8123.2142
libras,1732,0.1,1.0,1,0,23,0,337,0,3593,3,3593,99,0.191954213174562,OPTIMUM,7.94465,83.73297,92.93854,OPTIMUM,7.61189,968.43858,977.63157,OPTIMUM,7.85251,1831.19220,1840.65743,2892.56932
libras,1732,0.1,1.5,1,0,33,1,506,0,0,0,,,,SATISFIABLE,7.87466,900.04187,909.18214,UNKNOWN,8.10735,5414.00470,5423.72444,,,,,6323.18684
libras,1732,0.1,1.75,1,0,38,0,592,0,0,0,,,,OPTIMUM,7.95497,262.17350,271.45316,UNKNOWN,7.97163,5413.36420,5422.96833,,,,,5684.81736
libras,1732,0.1,2.0,1,0,38,4,677,1,0,0,,,,SATISFIABLE,7.93606,900.02721,909.22210,UNKNOWN,7.72001,5413.55967,5422.90735,,,,,6322.78177
