data,seed,e,kappa,cl_ml_ratio,pareto_index,ml_sat,ml_unsat,cl_sat,cl_unsat,lm_lambda_minus,lm_lambda_plus,lp_lambda_minus,lp_lambda_plus,ARI,p1_slvr_status,p1_clause_gen,p1_solver,p1_total,p2_lm_slvr_status,p2_lm_clause_gen,p2_lm_solver,p2_lm_total,p2_lp_slvr_status,p2_lp_clause_gen,p2_lp_solver,p2_lp_total,total_slvr_time
chainlink,1732,0.1,0.0,1,0,,,,,928,4,928,16,0.032179395464501,,,,0,OPTIMUM,65.41891,2.92869,69.75244,OPTIMUM,63.86943,1.81247,67.10491,4.74116
chainlink,1732,0.1,0.0,1,1,,,,,938,17,938,18,0.231568611176370,,,,0,OPTIMUM,62.86654,2.69532,66.99387,OPTIMUM,64.47395,1.84919,67.68972,4.54451
chainlink,1732,0.1,0.0,1,2,,,,,941,19,941,20,0.008621159521427,,,,0,OPTIMUM,63.42336,2.75654,67.49409,OPTIMUM,64.61840,4.61221,70.54521,7.36875
chainlink,1732,0.1,0.0,1,3,,,,,947,23,947,23,0.136085865999342,,,,0,OPTIMUM,64.71019,2.74533,68.76398,OPTIMUM,63.29078,6.55650,71.17514,9.301829999999999
chainlink,1732,0.1,0.0,1,4,,,,,956,24,956,24,0.148188441714863,,,,0,OPTIMUM,64.04203,2.56018,67.91030,OPTIMUM,64.05579,21.11508,86.49788,23.675259999999998
chainlink,1732,0.1,0.0,1,5,,,,,959,25,959,25,0.134574687711544,,,,0,OPTIMUM,63.95278,2.66611,67.93355,OPTIMUM,65.50321,20.56074,87.34954,23.22685
chainlink,1732,0.1,0.0,1,6,,,,,984,27,984,28,0.324300896361118,,,,0,OPTIMUM,65.63031,4.52992,71.48078,OPTIMUM,64.37841,25.86227,91.54013,30.39219
chainlink,1732,0.1,0.0,1,7,,,,,985,29,985,29,0.064600203196676,,,,0,OPTIMUM,65.07427,6.41589,72.79637,OPTIMUM,65.17639,25.82690,92.32637,32.24279
chainlink,1732,0.1,0.0,1,8,,,,,990,31,990,39,0.000000000000000,,,,0,OPTIMUM,65.56067,2.50365,69.37298,OPTIMUM,65.18807,16.25843,82.75713,18.76208
chainlink,1732,0.1,0.0,1,9,,,,,0,0,,,,,,,0,UNSATISFIABLE,64.75214,1.95181,67.99262,,,,,1.95181
glass,1732,0.1,0.0,1,0,,,,,969,76,969,140,0.236311476013190,,,,0,OPTIMUM,2.46741,7.44630,10.13730,OPTIMUM,2.52264,3.46133,6.21647,10.90763
glass,1732,0.1,0.0,1,1,,,,,1051,201,1051,215,0.224463968804885,,,,0,OPTIMUM,2.48122,2.81789,5.52978,OPTIMUM,2.46613,4.46767,7.16197,7.28556
glass,1732,0.1,0.0,1,2,,,,,1056,276,1056,276,0.215576064136325,,,,0,OPTIMUM,2.45988,1.20602,3.90156,OPTIMUM,2.51207,4.73727,7.48294,5.943289999999999
glass,1732,0.1,0.0,1,3,,,,,1073,292,1073,292,0.203211613669403,,,,0,OPTIMUM,2.46190,0.82668,3.51501,OPTIMUM,2.46725,4.45279,7.15371,5.27947
glass,1732,0.1,0.0,1,4,,,,,1223,329,1223,329,0.028342950346273,,,,0,OPTIMUM,2.44037,0.66192,3.32816,OPTIMUM,2.47624,5.20521,7.90858,5.86713
glass,1732,0.1,0.0,1,5,,,,,1257,395,1257,398,0.044606765730166,,,,0,OPTIMUM,2.48266,0.65984,3.37284,OPTIMUM,2.44131,5.31440,7.98257,5.97424
glass,1732,0.1,0.0,1,6,,,,,1278,412,1278,412,0.027258580034330,,,,0,OPTIMUM,2.45203,0.67122,3.35259,OPTIMUM,2.44649,5.41457,8.08407,6.08579
glass,1732,0.1,0.0,1,7,,,,,1340,418,1340,418,0.029546478466311,,,,0,OPTIMUM,2.48146,0.68794,3.40248,OPTIMUM,2.44798,6.08079,8.76622,6.768730000000001
glass,1732,0.1,0.0,1,8,,,,,1341,428,1341,428,0.026221126682938,,,,0,OPTIMUM,2.47279,0.66985,3.37384,OPTIMUM,2.43992,5.93452,8.60544,6.60437
glass,1732,0.1,0.0,1,9,,,,,1350,483,1350,483,0.020370798553200,,,,0,OPTIMUM,2.49627,0.68158,3.40975,OPTIMUM,2.44950,5.92091,8.60109,6.60249
glass,1732,0.1,0.0,1,10,,,,,1472,534,1472,534,0.020370798553200,,,,0,OPTIMUM,2.45679,0.68976,3.37689,OPTIMUM,2.44365,8.45203,11.12377,9.14179
glass,1732,0.1,0.0,1,11,,,,,0,0,,,,,,,0,UNSATISFIABLE,2.43196,0.67315,3.33455,,,,,0.67315
ionosphere,1732,0.1,0.0,1,0,,,,,3554,2,3554,1566,0.094579814222986,,,,0,OPTIMUM,4.30153,11.53210,16.07844,OPTIMUM,4.33625,2.60304,7.19019,14.13514
ionosphere,1732,0.1,0.0,1,1,,,,,3564,1695,3564,1867,0.037361228568197,,,,0,OPTIMUM,4.27601,0.69876,5.22484,OPTIMUM,4.35157,2.01686,6.61573,2.71562
ionosphere,1732,0.1,0.0,1,2,,,,,3574,2370,3574,2370,0.009002079902938,,,,0,OPTIMUM,4.61034,0.66818,5.49608,OPTIMUM,4.28366,1.88325,6.42198,2.55143
ionosphere,1732,0.1,0.0,1,3,,,,,0,0,,,,,,,0,UNSATISFIABLE,4.22204,0.67203,5.14102,,,,,0.67203
iris,1732,0.1,0.0,1,0,,,,,726,7,726,32,0.599132294241888,,,,0,OPTIMUM,0.69513,0.51912,1.27850,OPTIMUM,0.72342,0.55926,1.34103,1.0783800000000001
iris,1732,0.1,0.0,1,1,,,,,755,36,755,36,0.786163932287420,,,,0,OPTIMUM,0.70275,0.31675,1.08284,OPTIMUM,0.73203,0.54114,1.33912,0.8578899999999999
iris,1732,0.1,0.0,1,2,,,,,829,50,829,66,0.563766120129810,,,,0,OPTIMUM,0.69804,0.38555,1.14965,OPTIMUM,0.72803,0.60400,1.39689,0.9895499999999999
iris,1732,0.1,0.0,1,3,,,,,896,74,896,74,0.525194184425413,,,,0,OPTIMUM,0.69838,0.28301,1.04313,OPTIMUM,0.69522,0.70106,1.45779,0.98407
iris,1732,0.1,0.0,1,4,,,,,920,106,920,106,0.562136425142658,,,,0,OPTIMUM,0.78217,0.26420,1.10883,OPTIMUM,0.70216,0.70304,1.46791,0.96724
iris,1732,0.1,0.0,1,5,,,,,966,130,966,130,0.563751020523071,,,,0,OPTIMUM,0.72397,0.27407,1.06220,OPTIMUM,0.69854,0.77083,1.53273,1.0449
iris,1732,0.1,0.0,1,6,,,,,1054,153,1054,153,0.558371443754135,,,,0,OPTIMUM,0.73306,0.31073,1.11039,OPTIMUM,0.69048,0.90824,1.65661,1.21897
iris,1732,0.1,0.0,1,7,,,,,0,0,,,,,,,0,UNSATISFIABLE,0.74255,0.16470,0.97046,,,,,0.1647
libras,1732,0.1,0.0,1,0,,,,,2186,8,,,,,,,0,SATISFIABLE,7.65933,5414.06604,5483.50362,,,,,5414.06604
lsun,1732,0.1,0.0,1,0,,,,,619,21,619,33,0.398503318620098,,,,0,OPTIMUM,5.86385,3.05073,9.20286,OPTIMUM,5.85049,0.49005,6.63837,3.5407800000000003
lsun,1732,0.1,0.0,1,1,,,,,903,35,903,37,0.873974777222658,,,,0,OPTIMUM,5.77329,0.57403,6.64440,OPTIMUM,5.84889,11.56066,17.69492,12.13469
lsun,1732,0.1,0.0,1,2,,,,,923,46,923,104,1.000000000000000,,,,0,OPTIMUM,5.74814,0.57666,6.62201,OPTIMUM,5.79197,12.18096,18.25004,12.757620000000001
lsun,1732,0.1,0.0,1,3,,,,,0,0,,,,,,,0,UNSATISFIABLE,5.82505,0.54544,6.66540,,,,,0.54544
seeds,1732,0.1,0.0,1,0,,,,,896,20,896,67,0.695013086144048,,,,0,OPTIMUM,1.43759,1.50685,3.03985,OPTIMUM,1.46165,1.13534,2.69923,2.6421900000000003
seeds,1732,0.1,0.0,1,1,,,,,1049,70,1049,81,0.517712890933092,,,,0,OPTIMUM,1.45095,0.18387,1.73543,OPTIMUM,1.42502,1.78744,3.31083,1.97131
seeds,1732,0.1,0.0,1,2,,,,,1147,86,1147,86,0.507318041833610,,,,0,OPTIMUM,1.44896,0.22942,1.77810,OPTIMUM,1.45123,2.12112,3.67123,2.35054
seeds,1732,0.1,0.0,1,3,,,,,1204,96,1204,106,0.470648837704301,,,,0,OPTIMUM,1.44846,0.22297,1.76765,OPTIMUM,1.45390,2.23463,3.78401,2.4576000000000002
seeds,1732,0.1,0.0,1,4,,,,,1679,134,1679,208,0.000003981970963,,,,0,OPTIMUM,1.44527,0.18750,1.73317,OPTIMUM,1.40975,0.75317,2.26178,0.94067
seeds,1732,0.1,0.0,1,5,,,,,0,0,,,,,,,0,UNSATISFIABLE,1.44471,0.18749,1.72908,,,,,0.18749
spam,1732,0.1,0.0,1,0,,,,,2316,250,2316,250,-0.002531122990031,,,,0,OPTIMUM,6920.15669,46.17211,7002.13732,OPTIMUM,5384.80089,73.88472,5495.22195,120.05683
spam,1732,0.1,0.0,1,1,,,,,2424,268,2424,823,0.000396222267841,,,,0,OPTIMUM,7156.76312,110.06095,7302.90784,OPTIMUM,7125.03956,143.10600,7304.28802,253.16694999999999
spam,1732,0.1,0.0,1,2,,,,,2425,899,2425,899,0.000549091703444,,,,0,OPTIMUM,6914.48838,64.87126,7015.59550,OPTIMUM,7056.83535,139.91281,7233.26624,204.78407
spam,1732,0.1,0.0,1,3,,,,,2428,1074,2428,1074,0.000702351508715,,,,0,OPTIMUM,6890.18722,57.05404,6983.61052,OPTIMUM,6897.58172,83.76938,7017.56988,140.82342
spam,1732,0.1,0.0,1,4,,,,,2429,1290,2429,1290,0.000467875408940,,,,0,OPTIMUM,4888.67177,55.91720,4980.94623,OPTIMUM,4886.56033,79.80234,5002.66762,135.71954
spam,1732,0.1,0.0,1,5,,,,,2432,1355,2432,1355,0.000233758228915,,,,0,OPTIMUM,4848.51641,56.92127,4941.98102,OPTIMUM,4967.09379,61.75497,5064.69031,118.67624
spam,1732,0.1,0.0,1,6,,,,,0,0,,,,,,,0,UNSATISFIABLE,4958.90536,53.21409,5047.96204,,,,,53.21409
target,1732,0.1,0.0,1,0,,,,,488,2,488,6,0.353006780125573,,,,0,OPTIMUM,39.52131,7.11537,48.45272,OPTIMUM,40.73458,21.85608,64.40125,28.971449999999997
target,1732,0.1,0.0,1,1,,,,,489,7,489,11,0.350419845002317,,,,0,OPTIMUM,39.48671,33.81516,75.16017,OPTIMUM,40.87267,17.78048,60.49767,51.59564
target,1732,0.1,0.0,1,2,,,,,492,13,492,14,0.351069644707409,,,,0,OPTIMUM,39.88148,33.73290,75.56708,OPTIMUM,40.92553,18.74075,61.49506,52.47365
target,1732,0.1,0.0,1,3,,,,,499,16,499,16,0.389004516160843,,,,0,OPTIMUM,40.18546,29.61910,71.67277,OPTIMUM,40.07938,22.45516,64.50991,52.074259999999995
target,1732,0.1,0.0,1,4,,,,,500,17,500,17,0.342491855128576,,,,0,OPTIMUM,40.49530,33.64212,75.98577,OPTIMUM,41.44090,21.66257,64.93172,55.304689999999994
target,1732,0.1,0.0,1,5,,,,,505,21,505,25,0.368070116673316,,,,0,OPTIMUM,40.31575,30.29582,72.61494,OPTIMUM,40.07707,21.40909,63.31687,51.70491
target,1732,0.1,0.0,1,6,,,,,533,26,533,28,0.379079732979640,,,,0,OPTIMUM,40.44081,34.45616,76.91289,OPTIMUM,39.64567,22.83246,64.54854,57.288619999999995
target,1732,0.1,0.0,1,7,,,,,646,32,646,33,0.368818296856492,,,,0,OPTIMUM,40.72248,28.39042,71.08386,OPTIMUM,39.75624,30.66645,72.27596,59.05687
target,1732,0.1,0.0,1,8,,,,,650,34,650,164,1.000000000000000,,,,0,OPTIMUM,39.96185,28.14627,70.06350,OPTIMUM,39.84658,28.18963,69.90707,56.3359
target,1732,0.1,0.0,1,9,,,,,0,0,,,,,,,0,UNSATISFIABLE,39.76808,22.76989,64.54680,,,,,22.76989
wine,1732,0.1,0.0,1,0,,,,,1178,0,1178,73,0.368244859529300,,,,0,OPTIMUM,1.08288,0.67300,1.84032,OPTIMUM,1.06822,0.85593,2.00957,1.52893
wine,1732,0.1,0.0,1,1,,,,,1198,97,1198,175,0.428803724616060,,,,0,OPTIMUM,1.09864,0.33736,1.52584,OPTIMUM,1.06163,0.95373,2.10201,1.29109
wine,1732,0.1,0.0,1,2,,,,,1273,190,1273,387,-0.003819345093988,,,,0,OPTIMUM,1.10558,0.17286,1.36390,OPTIMUM,1.09975,0.70936,1.89548,0.88222
wine,1732,0.1,0.0,1,3,,,,,0,0,,,,,,,0,UNSATISFIABLE,1.05440,0.17342,1.31399,,,,,0.17342
wingnut,1732,0.1,0.0,1,0,,,,,1094,1,1094,67,1.000000000000000,,,,0,OPTIMUM,66.24593,2.72268,70.27921,OPTIMUM,68.83378,1.87106,72.06472,4.59374
wingnut,1732,0.1,0.0,1,1,,,,,0,0,,,,,,,0,UNSATISFIABLE,66.78898,7.91428,76.00972,,,,,7.91428
