data,seed,e,kappa,cl_ml_ratio,pareto_index,ml_sat,ml_unsat,cl_sat,cl_unsat,lm_lambda_minus,lm_lambda_plus,lp_lambda_minus,lp_lambda_plus,ARI,p1_slvr_status,p1_clause_gen,p1_solver,p1_total,p2_lm_slvr_status,p2_lm_clause_gen,p2_lm_solver,p2_lm_total,p2_lp_slvr_status,p2_lp_clause_gen,p2_lp_solver,p2_lp_total,total_slvr_time
chainlink,2352,0.1,0.7,1,0,338,3,353,6,989,11,989,11,0.956440410935177,OPTIMUM,0.22014,180.91115,181.17684,OPTIMUM,0.20992,0.32311,2.75465,OPTIMUM,0.19573,0.49184,2.90773,181.99179
chainlink,2352,0.1,0.7,1,1,338,3,353,6,0,0,,,,OPTIMUM,0.22014,180.91115,181.17684,UNSATISFIABLE,0.19740,0.23067,2.65604,,,,,181.40751
ionosphere,2352,0.1,0.7,1,0,129,10,97,9,3577,29,3577,29,0.701987224982257,SATISFIABLE,0.36486,900.01660,900.46483,OPTIMUM,0.38043,12.24097,12.86677,OPTIMUM,0.44257,56.50611,57.19689,969.21191
ionosphere,2352,0.1,0.7,1,1,129,10,97,9,0,0,,,,SATISFIABLE,0.36486,900.01660,900.46483,UNSATISFIABLE,0.38483,18.40884,19.04727,,,,,918.8736700000001
iris,2352,0.1,0.7,1,0,39,0,66,0,755,31,755,31,0.960266666666667,OPTIMUM,0.05485,0.15058,0.22035,OPTIMUM,0.06170,0.15874,0.41994,OPTIMUM,0.06480,0.08064,0.37203,0.45972999999999997
iris,2352,0.1,0.7,1,1,39,0,66,0,0,0,,,,OPTIMUM,0.05485,0.15058,0.22035,UNSATISFIABLE,0.06500,0.07435,0.33179,,,,,0.29469999999999996
libras,2352,0.1,0.7,1,0,14,0,237,0,3342,1,3342,68,0.109286270747552,OPTIMUM,7.94751,65.29960,74.48343,OPTIMUM,7.68343,229.45769,238.84478,OPTIMUM,7.75366,824.33262,833.80495,1128.27374
libras,2352,0.1,0.7,1,1,14,0,237,0,0,0,,,,OPTIMUM,7.94751,65.29960,74.48343,UNSATISFIABLE,7.78930,22.76665,32.29731,,,,,97.25008
lsun,2352,0.1,0.7,1,0,95,0,185,0,923,4,923,104,1.000000000000000,OPTIMUM,0.10743,0.22319,0.37178,OPTIMUM,0.10282,0.95564,1.78569,OPTIMUM,0.10803,0.14323,0.99401,1.47065
lsun,2352,0.1,0.7,1,1,95,0,185,0,0,0,,,,OPTIMUM,0.10743,0.22319,0.37178,UNSATISFIABLE,0.16282,0.11965,1.00908,,,,,0.49143000000000003
seeds,2352,0.1,0.7,1,0,36,0,111,0,991,33,991,67,0.799910126665231,OPTIMUM,0.11181,0.25278,0.39252,OPTIMUM,0.11768,0.27723,1.24524,OPTIMUM,0.09308,0.19624,1.13426,0.8659899999999999
seeds,2352,0.1,0.7,1,1,36,0,111,0,0,0,,,,OPTIMUM,0.11181,0.25278,0.39252,UNSATISFIABLE,0.09322,0.12131,1.10896,,,,,0.51383
spam,2352,0.1,0.7,1,0,1428,284,557,951,2432,17,2432,17,0.189324532346839,SATISFIABLE,10.21995,900.02776,912.47145,OPTIMUM,10.24003,201.47103,241.21298,OPTIMUM,9.90049,179.85760,219.37709,1293.80008
spam,2352,0.1,0.7,1,1,1428,284,557,951,0,0,,,,SATISFIABLE,10.21995,900.02776,912.47145,UNSATISFIABLE,9.84032,57.21863,96.70571,,,,,969.69008
target,2352,0.1,0.7,1,0,263,0,276,0,649,0,649,13,0.987535849945171,OPTIMUM,0.90093,10.98106,12.17660,OPTIMUM,0.78905,3.64849,8.28410,OPTIMUM,0.84091,0.91050,5.45872,16.73559
target,2352,0.1,0.7,1,1,263,0,276,0,650,22,650,164,1.000000000000000,OPTIMUM,0.90093,10.98106,12.17660,OPTIMUM,0.84795,5.69607,10.24749,OPTIMUM,0.84574,0.80195,5.36269,18.67462
target,2352,0.1,0.7,1,2,263,0,276,0,0,0,,,,OPTIMUM,0.90093,10.98106,12.17660,UNSATISFIABLE,0.83673,5.25652,9.96364,,,,,17.433120000000002
wine,2352,0.1,0.7,1,0,39,0,85,0,1217,4,1217,71,0.919182721921492,OPTIMUM,0.11655,1.82304,1.96793,OPTIMUM,0.12174,9.53011,9.76594,OPTIMUM,0.15943,1.32257,1.59593,12.82061
wine,2352,0.1,0.7,1,1,39,0,85,0,0,0,,,,OPTIMUM,0.11655,1.82304,1.96793,UNSATISFIABLE,0.12753,0.08172,0.32439,,,,,2.0496499999999997
wingnut,2352,0.1,0.7,1,0,337,0,374,0,1094,67,1094,67,1.000000000000000,OPTIMUM,0.19564,0.17219,0.42629,OPTIMUM,0.19627,0.29595,4.30853,OPTIMUM,0.18232,0.16329,3.89936,0.8855299999999999
wingnut,2352,0.1,0.7,1,1,337,0,374,0,0,0,,,,OPTIMUM,0.19564,0.17219,0.42629,UNSATISFIABLE,0.18480,0.17054,3.95023,,,,,0.59683
chainlink,2352,0.1,1.0,1,0,483,4,503,10,989,9,989,9,0.944728695499521,OPTIMUM,0.22001,166.59427,166.85799,OPTIMUM,0.21763,0.22029,2.69625,OPTIMUM,0.19946,0.40141,2.86137,167.47969
chainlink,2352,0.1,1.0,1,1,483,4,503,10,0,0,,,,OPTIMUM,0.22001,166.59427,166.85799,UNSATISFIABLE,0.20166,0.24731,2.70561,,,,,167.1053
ionosphere,2352,0.1,1.0,1,0,188,11,126,26,3577,9,3577,28,0.681976374952369,SATISFIABLE,0.37552,900.01248,900.47464,OPTIMUM,0.38206,7.66066,8.31697,OPTIMUM,0.43023,51.52697,52.22398,959.66227
ionosphere,2352,0.1,1.0,1,1,188,11,126,26,0,0,,,,SATISFIABLE,0.37552,900.01248,900.47464,UNSATISFIABLE,0.37760,15.65817,16.29743,,,,,916.1328100000001
iris,2352,0.1,1.0,1,0,59,0,91,0,755,31,755,31,0.941012256292421,OPTIMUM,0.05655,0.15969,0.22947,OPTIMUM,0.05953,0.11194,0.34853,OPTIMUM,0.06531,0.06971,0.34733,0.41112
iris,2352,0.1,1.0,1,1,59,0,91,0,0,0,,,,OPTIMUM,0.05655,0.15969,0.22947,UNSATISFIABLE,0.06409,0.06416,0.30568,,,,,0.29363
lsun,2352,0.1,1.0,1,0,139,0,261,0,923,7,923,104,1.000000000000000,OPTIMUM,0.10451,0.21563,0.36607,OPTIMUM,0.10754,0.19800,0.97199,OPTIMUM,0.11091,0.12494,0.91155,0.6890100000000001
lsun,2352,0.1,1.0,1,1,139,0,261,0,0,0,,,,OPTIMUM,0.10451,0.21563,0.36607,UNSATISFIABLE,0.16538,0.11930,0.95294,,,,,0.48537
seeds,2352,0.1,1.0,1,0,66,0,144,0,1058,20,1058,20,0.837944644548081,OPTIMUM,0.11400,0.34738,0.47989,OPTIMUM,0.11792,0.59479,1.19744,OPTIMUM,0.09375,0.23584,0.82352,1.3105200000000001
seeds,2352,0.1,1.0,1,1,66,0,144,0,0,0,,,,OPTIMUM,0.11400,0.34738,0.47989,UNSATISFIABLE,0.09514,0.34732,0.93488,,,,,0.82721
spam,2352,0.1,1.0,1,0,2002,466,1388,745,2432,0,2432,0,0.437807548822680,SATISFIABLE,10.64339,900.06125,912.89387,OPTIMUM,10.14845,72.16627,110.85954,OPTIMUM,9.60508,142.75302,180.94326,1127.8131600000002
spam,2352,0.1,1.0,1,1,2002,466,1388,745,0,0,,,,SATISFIABLE,10.64339,900.06125,912.89387,UNSATISFIABLE,9.56818,61.00723,99.29559,,,,,973.9011
target,2352,0.1,1.0,1,0,378,0,392,0,650,164,650,164,1.000000000000000,OPTIMUM,0.82068,2.95521,4.06931,OPTIMUM,0.81739,3.11811,7.61963,OPTIMUM,0.86482,0.85294,5.24008,8.04036
target,2352,0.1,1.0,1,1,378,0,392,0,0,0,,,,OPTIMUM,0.82068,2.95521,4.06931,UNSATISFIABLE,0.86815,5.79685,10.19429,,,,,9.86616
wine,2352,0.1,1.0,1,0,64,0,114,0,1217,44,1217,71,0.953758678715148,OPTIMUM,0.11717,0.78186,0.93188,OPTIMUM,0.12282,0.80059,1.01748,OPTIMUM,0.15892,0.75869,1.01534,2.4911600000000003
wine,2352,0.1,1.0,1,1,64,0,114,0,0,0,,,,OPTIMUM,0.11717,0.78186,0.93188,UNSATISFIABLE,0.12634,0.13911,0.36255,,,,,1.07099
wingnut,2352,0.1,1.0,1,0,483,0,533,0,1094,67,1094,67,1.000000000000000,OPTIMUM,0.20192,0.16212,0.42141,OPTIMUM,0.19629,0.28389,2.89509,OPTIMUM,0.41920,0.15381,2.99098,0.85911
wingnut,2352,0.1,1.0,1,1,483,0,533,0,0,0,,,,OPTIMUM,0.20192,0.16212,0.42141,UNSATISFIABLE,0.18133,0.14828,2.74945,,,,,0.56969
chainlink,2352,0.1,1.5,1,0,734,9,743,14,989,11,989,11,0.956440405348377,OPTIMUM,0.21753,655.42147,655.68672,OPTIMUM,0.21070,0.23078,2.74317,OPTIMUM,0.19483,0.37970,2.88140,656.2972
chainlink,2352,0.1,1.5,1,1,734,9,743,14,0,0,,,,OPTIMUM,0.21753,655.42147,655.68672,UNSATISFIABLE,0.19851,0.21281,2.71474,,,,,655.89953
glass,2352,0.1,1.5,1,0,59,27,225,10,1477,5,1477,5,0.222152122627674,SATISFIABLE,0.34895,900.01491,900.45125,OPTIMUM,0.33435,395.37969,395.89605,OPTIMUM,0.31863,319.81652,320.36888,1615.64746
glass,2352,0.1,1.5,1,1,59,27,225,10,0,0,,,,SATISFIABLE,0.34895,900.01491,900.45125,UNSATISFIABLE,0.30928,159.19234,159.68077,,,,,1059.64359
ionosphere,2352,0.1,1.5,1,0,256,27,215,28,3577,28,3577,28,0.741919163812424,SATISFIABLE,0.36685,900.01466,900.46828,OPTIMUM,0.38182,6.11114,6.78967,OPTIMUM,0.44975,13.13968,13.88523,919.7191
ionosphere,2352,0.1,1.5,1,1,256,27,215,28,0,0,,,,SATISFIABLE,0.36685,900.01466,900.46828,UNSATISFIABLE,0.39878,4.04716,4.74732,,,,,904.51544
iris,2352,0.1,1.5,1,0,89,0,136,0,755,31,755,31,0.960266666666667,OPTIMUM,0.05902,0.13921,0.21143,OPTIMUM,0.06304,0.08124,0.28160,OPTIMUM,0.06482,0.08308,0.29020,0.37575
iris,2352,0.1,1.5,1,1,89,0,136,0,0,0,,,,OPTIMUM,0.05902,0.13921,0.21143,UNSATISFIABLE,0.09533,0.06797,0.29651,,,,,0.2794
lsun,2352,0.1,1.5,1,0,226,0,374,0,923,104,923,104,1.000000000000000,OPTIMUM,0.10658,0.23801,0.38693,OPTIMUM,0.10380,0.14438,0.67753,OPTIMUM,0.10708,0.12347,0.65572,0.6547799999999999
lsun,2352,0.1,1.5,1,1,226,0,374,0,0,0,,,,OPTIMUM,0.10658,0.23801,0.38693,UNSATISFIABLE,0.10776,0.11151,0.64885,,,,,0.49844
seeds,2352,0.1,1.5,1,0,103,1,210,1,1058,18,1058,18,0.957451454671556,OPTIMUM,0.11474,3.40728,3.55114,OPTIMUM,0.12436,0.24463,0.66679,OPTIMUM,0.09645,0.21297,0.59892,4.00874
seeds,2352,0.1,1.5,1,1,103,1,210,1,0,0,,,,OPTIMUM,0.11474,3.40728,3.55114,UNSATISFIABLE,0.09297,0.27062,0.65084,,,,,3.8217600000000003
spam,2352,0.1,1.5,1,0,2559,1098,2182,1062,2430,6,2430,6,0.345354308985051,SATISFIABLE,10.22620,900.06842,912.55707,OPTIMUM,10.04581,66.32225,105.59616,OPTIMUM,9.68354,122.97188,161.92370,1101.8512
spam,2352,0.1,1.5,1,1,2559,1098,2182,1062,0,0,,,,SATISFIABLE,10.22620,900.06842,912.55707,UNSATISFIABLE,9.55002,49.73973,88.66635,,,,,962.2968
target,2352,0.1,1.5,1,0,577,0,578,0,650,4,650,164,1.000000000000000,OPTIMUM,0.83370,2.32399,3.45141,OPTIMUM,0.79810,3.71436,7.90523,OPTIMUM,0.69730,1.06219,4.99540,8.22796
target,2352,0.1,1.5,1,1,577,0,578,0,0,0,,,,OPTIMUM,0.83370,2.32399,3.45141,UNSATISFIABLE,0.97616,5.30582,9.51582,,,,,8.75723
wine,2352,0.1,1.5,1,0,94,0,173,0,1275,71,1275,71,0.983243858364705,OPTIMUM,0.12121,0.69462,0.84588,OPTIMUM,0.12160,0.53341,0.75774,OPTIMUM,0.15726,0.43435,0.68538,1.8136400000000001
wine,2352,0.1,1.5,1,1,94,0,173,0,0,0,,,,OPTIMUM,0.12121,0.69462,0.84588,UNSATISFIABLE,0.12729,0.07762,0.29533,,,,,0.9235
wingnut,2352,0.1,1.5,1,0,731,0,793,0,1094,67,1094,67,1.000000000000000,OPTIMUM,0.19786,0.15745,0.41228,OPTIMUM,0.19685,0.15807,2.15092,OPTIMUM,0.18058,0.15052,2.11454,0.7208699999999999
wingnut,2352,0.1,1.5,1,1,731,0,793,0,0,0,,,,OPTIMUM,0.19786,0.15745,0.41228,UNSATISFIABLE,0.42568,0.14142,2.35659,,,,,0.5537
chainlink,2352,0.1,1.75,1,0,856,11,866,17,989,11,989,11,0.956440405348377,SATISFIABLE,0.21655,900.01596,900.28105,OPTIMUM,0.21678,0.22106,2.75135,OPTIMUM,0.20017,0.28651,2.80918,900.78862
chainlink,2352,0.1,1.75,1,1,856,11,866,17,0,0,,,,SATISFIABLE,0.21655,900.01596,900.28105,UNSATISFIABLE,0.20249,0.19491,2.72040,,,,,900.4759600000001
glass,2352,0.1,1.75,1,0,55,41,271,7,1478,3,1478,3,0.249360162625360,SATISFIABLE,0.33982,900.01766,900.45321,OPTIMUM,0.33149,164.70687,165.24169,OPTIMUM,0.31409,204.46348,205.02322,1269.62356
glass,2352,0.1,1.75,1,1,55,41,271,7,0,0,,,,SATISFIABLE,0.33982,900.01766,900.45321,UNSATISFIABLE,0.31148,73.37913,73.89144,,,,,973.83234
ionosphere,2352,0.1,1.75,1,0,303,22,251,38,3577,99,3577,99,0.792215031749008,SATISFIABLE,0.37796,900.01284,900.48270,OPTIMUM,0.38598,6.17106,6.84629,OPTIMUM,0.43678,11.21165,11.93744,917.86541
ionosphere,2352,0.1,1.75,1,1,303,22,251,38,0,0,,,,SATISFIABLE,0.37796,900.01284,900.48270,UNSATISFIABLE,0.38317,8.01107,8.67942,,,,,908.49377
iris,2352,0.1,1.75,1,0,101,0,161,0,854,31,854,31,0.979932004718040,OPTIMUM,0.05668,0.08375,0.16335,OPTIMUM,0.06084,0.07829,0.26466,OPTIMUM,0.06540,0.06794,0.26442,0.30957999999999997
iris,2352,0.1,1.75,1,1,101,0,161,0,0,0,,,,OPTIMUM,0.05668,0.08375,0.16335,UNSATISFIABLE,0.09496,0.07725,0.29641,,,,,0.24059999999999998
lsun,2352,0.1,1.75,1,0,260,0,440,0,923,13,923,104,1.000000000000000,OPTIMUM,0.10656,0.18730,0.33626,OPTIMUM,0.10474,0.12614,0.66073,OPTIMUM,0.10936,0.10849,0.64569,0.57089
lsun,2352,0.1,1.75,1,1,260,0,440,0,0,0,,,,OPTIMUM,0.10656,0.18730,0.33626,UNSATISFIABLE,0.10775,0.11972,0.66325,,,,,0.45598
seeds,2352,0.1,1.75,1,0,119,2,244,2,1058,18,1058,18,0.957451454671556,OPTIMUM,0.11137,16.83999,16.98178,OPTIMUM,0.11873,0.25769,0.62236,OPTIMUM,0.09244,0.17675,0.52326,17.41622
seeds,2352,0.1,1.75,1,1,119,2,244,2,0,0,,,,OPTIMUM,0.11137,16.83999,16.98178,UNSATISFIABLE,0.09222,0.29202,0.63132,,,,,17.2738
spam,2352,0.1,1.75,1,0,2722,1544,2363,1422,2432,0,2432,0,0.265094971873696,SATISFIABLE,10.17497,900.08651,912.58502,OPTIMUM,10.30151,73.96641,112.13473,OPTIMUM,9.90519,63.13595,100.95103,1049.68738
spam,2352,0.1,1.75,1,1,2722,1544,2363,1422,0,0,,,,SATISFIABLE,10.17497,900.08651,912.58502,UNSATISFIABLE,9.74563,15.07351,52.85288,,,,,927.65853
target,2352,0.1,1.75,1,0,669,0,678,0,650,7,650,164,1.000000000000000,OPTIMUM,0.82926,2.31851,3.44351,OPTIMUM,0.81013,2.76145,6.63970,OPTIMUM,0.70894,0.68240,4.30362,6.88736
target,2352,0.1,1.75,1,1,669,0,678,0,0,0,,,,OPTIMUM,0.82926,2.31851,3.44351,UNSATISFIABLE,0.99301,5.04370,8.96144,,,,,8.487210000000001
wine,2352,0.1,1.75,1,0,107,0,204,0,1275,71,1275,71,0.966741109206414,OPTIMUM,0.11528,1.37891,1.52563,OPTIMUM,0.12140,0.70748,0.93746,OPTIMUM,0.15685,0.66841,0.93265,2.9015199999999997
wine,2352,0.1,1.75,1,1,107,0,204,0,0,0,,,,OPTIMUM,0.11528,1.37891,1.52563,UNSATISFIABLE,0.12533,0.09342,0.32804,,,,,1.61905
wingnut,2352,0.1,1.75,1,0,865,0,913,0,1094,67,1094,67,1.000000000000000,OPTIMUM,0.20206,0.16815,0.42785,OPTIMUM,0.19225,0.14437,1.93996,OPTIMUM,0.18080,0.14631,1.92462,0.7185299999999999
wingnut,2352,0.1,1.75,1,1,865,0,913,0,0,0,,,,OPTIMUM,0.20206,0.16815,0.42785,UNSATISFIABLE,0.41698,0.14029,2.15415,,,,,0.56814
chainlink,2352,0.1,2.0,1,0,987,12,979,22,989,11,989,11,0.960360326360835,SATISFIABLE,0.21861,900.01838,900.28519,OPTIMUM,0.21251,0.20437,2.75407,OPTIMUM,0.19493,0.32087,2.85996,900.81043
chainlink,2352,0.1,2.0,1,1,987,12,979,22,0,0,,,,SATISFIABLE,0.21861,900.01838,900.28519,UNSATISFIABLE,0.20104,0.19981,2.74589,,,,,900.4849999999999
glass,2352,0.1,2.0,1,0,80,39,278,31,1477,9,1477,9,0.305395221338152,SATISFIABLE,0.34522,900.01742,900.44954,OPTIMUM,0.33492,186.50972,187.03848,OPTIMUM,0.31180,67.87037,68.42131,1154.82963
glass,2352,0.1,2.0,1,1,80,39,278,31,0,0,,,,SATISFIABLE,0.34522,900.01742,900.44954,UNSATISFIABLE,0.30837,12.99087,13.49254,,,,,913.4404099999999
ionosphere,2352,0.1,2.0,1,0,336,38,275,53,3577,174,3577,174,0.741750620158963,SATISFIABLE,0.37059,900.01533,900.48403,OPTIMUM,0.37655,8.89713,9.57010,OPTIMUM,0.43053,2.87194,3.59998,912.2530999999999
ionosphere,2352,0.1,2.0,1,1,336,38,275,53,0,0,,,,SATISFIABLE,0.37059,900.01533,900.48403,UNSATISFIABLE,0.37698,5.60183,6.27605,,,,,906.0858599999999
iris,2352,0.1,2.0,1,0,114,0,186,0,854,31,854,31,0.979932004718040,OPTIMUM,0.05674,0.07787,0.14804,OPTIMUM,0.06134,0.07657,0.25644,OPTIMUM,0.06593,0.08305,0.27443,0.30766
iris,2352,0.1,2.0,1,1,114,0,186,0,0,0,,,,OPTIMUM,0.05674,0.07787,0.14804,UNSATISFIABLE,0.09530,0.06323,0.28479,,,,,0.21127
lsun,2352,0.1,2.0,1,0,301,0,499,0,923,11,923,104,1.000000000000000,OPTIMUM,0.10564,0.19150,0.34038,OPTIMUM,0.10633,0.13478,0.66809,OPTIMUM,0.10784,0.10955,0.64601,0.5847100000000001
lsun,2352,0.1,2.0,1,1,301,0,499,0,0,0,,,,OPTIMUM,0.10564,0.19150,0.34038,UNSATISFIABLE,0.10889,0.10721,0.64597,,,,,0.44759000000000004
seeds,2352,0.1,2.0,1,0,141,4,273,2,1058,21,1058,21,0.916389126467679,OPTIMUM,0.11193,99.02227,99.16046,OPTIMUM,0.11800,0.25562,0.60766,OPTIMUM,0.09397,0.13215,0.45531,99.54822999999999
seeds,2352,0.1,2.0,1,1,141,4,273,2,0,0,,,,OPTIMUM,0.11193,99.02227,99.16046,UNSATISFIABLE,0.09450,0.07624,0.39585,,,,,99.2367
spam,2352,0.1,2.0,1,0,4373,501,699,3629,2430,4,2430,4,0.055525136307777,SATISFIABLE,10.49511,900.10437,912.88325,OPTIMUM,10.28057,48.25477,85.63025,OPTIMUM,9.97204,49.21575,86.27591,1010.3537699999999
spam,2352,0.1,2.0,1,1,4373,501,699,3629,0,0,,,,SATISFIABLE,10.49511,900.10437,912.88325,UNSATISFIABLE,9.76262,15.38374,52.30474,,,,,928.26699
target,2352,0.1,2.0,1,0,751,0,789,0,650,18,650,164,1.000000000000000,OPTIMUM,0.85418,2.37621,3.52546,OPTIMUM,0.79828,2.80033,6.58300,OPTIMUM,0.69716,0.67118,4.20058,6.996969999999999
target,2352,0.1,2.0,1,1,751,0,789,0,0,0,,,,OPTIMUM,0.85418,2.37621,3.52546,UNSATISFIABLE,0.99474,5.11805,8.93798,,,,,8.64351
wine,2352,0.1,2.0,1,0,126,0,230,0,1275,71,1275,71,1.000000000000000,OPTIMUM,0.11985,0.73790,0.89101,OPTIMUM,0.12494,0.50422,0.72791,OPTIMUM,0.15929,0.72552,0.98552,2.12075
wine,2352,0.1,2.0,1,1,126,0,230,0,0,0,,,,OPTIMUM,0.11985,0.73790,0.89101,UNSATISFIABLE,0.12983,0.07639,0.31730,,,,,0.9673999999999999
wingnut,2352,0.1,2.0,1,0,990,0,1042,0,1094,67,1094,67,1.000000000000000,OPTIMUM,0.19614,0.15685,0.41329,OPTIMUM,0.19769,0.25067,2.06099,OPTIMUM,0.18195,0.15117,1.93264,0.81513
wingnut,2352,0.1,2.0,1,1,990,0,1042,0,0,0,,,,OPTIMUM,0.19614,0.15685,0.41329,UNSATISFIABLE,0.42918,0.15669,2.19294,,,,,0.5699799999999999
chainlink,2352,0.1,0.1,1,0,55,0,45,0,986,8,986,14,0.872228248200546,OPTIMUM,0.21565,0.25203,0.50756,OPTIMUM,0.21396,3.29349,8.33364,OPTIMUM,0.44314,1.65375,6.91299,5.4548000000000005
chainlink,2352,0.1,0.1,1,1,55,0,45,0,989,16,989,17,0.910025996816058,OPTIMUM,0.21565,0.25203,0.50756,OPTIMUM,0.19703,1.41105,6.41542,OPTIMUM,0.20038,1.47799,6.79789,3.3966
chainlink,2352,0.1,0.1,1,2,55,0,45,0,0,0,,,,OPTIMUM,0.21565,0.25203,0.50756,UNSATISFIABLE,0.19897,0.53965,5.57427,,,,,1.04721
glass,2352,0.1,0.1,1,0,5,0,16,0,993,70,993,93,0.254118199004800,OPTIMUM,0.35346,1.12809,1.54930,OPTIMUM,0.33205,4.10921,5.83067,OPTIMUM,0.31156,1.50011,3.22535,7.15862
glass,2352,0.1,0.1,1,1,5,0,16,0,0,0,,,,OPTIMUM,0.35346,1.12809,1.54930,UNSATISFIABLE,0.30936,0.43612,2.16009,,,,,1.98542
ionosphere,2352,0.1,0.1,1,0,15,0,20,0,3554,3,3554,102,0.267785520398655,OPTIMUM,0.35904,6.56323,6.99921,OPTIMUM,0.37717,13.99743,14.97630,OPTIMUM,0.38596,34.83879,35.80005,55.83543
ionosphere,2352,0.1,0.1,1,1,15,0,20,0,3557,112,3557,112,0.325924951557986,OPTIMUM,0.35904,6.56323,6.99921,OPTIMUM,0.38016,15.52642,16.47754,OPTIMUM,0.37811,13.27933,14.23536,35.80496
ionosphere,2352,0.1,0.1,1,2,15,0,20,0,3558,120,3558,158,0.188297984860008,OPTIMUM,0.35904,6.56323,6.99921,OPTIMUM,0.37721,34.73012,35.74285,OPTIMUM,0.38109,36.95580,37.91355,78.68513
ionosphere,2352,0.1,0.1,1,3,15,0,20,0,3560,195,3560,195,0.376262626262626,OPTIMUM,0.35904,6.56323,6.99921,OPTIMUM,0.37643,20.09126,21.04119,OPTIMUM,0.37880,24.26692,25.22040,51.357389999999995
ionosphere,2352,0.1,0.1,1,4,15,0,20,0,3566,199,3566,199,0.380613687138102,OPTIMUM,0.35904,6.56323,6.99921,OPTIMUM,0.37527,21.02637,22.03028,OPTIMUM,0.37751,39.16519,40.12971,67.19077
ionosphere,2352,0.1,0.1,1,5,15,0,20,0,3567,201,3567,233,0.416882194837466,OPTIMUM,0.35904,6.56323,6.99921,OPTIMUM,0.37896,17.73955,18.69893,OPTIMUM,0.37676,57.06738,58.02439,81.80614
ionosphere,2352,0.1,0.1,1,6,15,0,20,0,3569,240,3569,240,0.455252918287938,OPTIMUM,0.35904,6.56323,6.99921,OPTIMUM,0.38046,45.00416,46.02271,OPTIMUM,0.38529,10.51590,11.47824,62.51927
ionosphere,2352,0.1,0.1,1,7,15,0,20,0,0,0,,,,OPTIMUM,0.35904,6.56323,6.99921,UNSATISFIABLE,0.37893,4.56464,5.51278,,,,,11.563849999999999
iris,2352,0.1,0.1,1,0,6,0,9,0,755,10,755,36,0.769743699984181,OPTIMUM,0.05672,0.11027,0.18201,OPTIMUM,0.06198,0.09901,0.73670,OPTIMUM,0.06779,0.10008,0.72230,0.3811
iris,2352,0.1,0.1,1,1,6,0,9,0,0,0,,,,OPTIMUM,0.05672,0.11027,0.18201,UNSATISFIABLE,0.06884,0.09484,0.71986,,,,,0.27685
libras,2352,0.1,0.1,1,0,2,0,34,0,2862,2,2862,75,0.139883872702569,OPTIMUM,7.78032,26.59216,35.58144,OPTIMUM,7.89870,81.48942,92.28435,OPTIMUM,8.02174,366.81614,377.73141,483.887
libras,2352,0.1,0.1,1,1,2,0,34,0,2992,77,2992,252,0.157239395249183,OPTIMUM,7.78032,26.59216,35.58144,OPTIMUM,8.02159,124.35552,135.25851,OPTIMUM,7.99521,906.98021,917.85311,1066.9171700000002
libras,2352,0.1,0.1,1,2,2,0,34,0,3192,257,3192,257,0.193745669287970,OPTIMUM,7.78032,26.59216,35.58144,OPTIMUM,7.82413,3213.75807,3224.42896,OPTIMUM,7.79249,194.60641,205.26548,3443.9459199999997
libras,2352,0.1,0.1,1,3,2,0,34,0,0,0,,,,OPTIMUM,7.78032,26.59216,35.58144,UNSATISFIABLE,7.83571,23.75775,34.45211,,,,,59.33919
lsun,2352,0.1,0.1,1,0,9,0,31,0,829,2,829,2,0.536414344623112,OPTIMUM,0.10144,0.93865,1.06878,OPTIMUM,0.10386,1.72962,6.74030,OPTIMUM,0.10900,1.30678,6.33519,4.10518
lsun,2352,0.1,0.1,1,1,9,0,31,0,833,3,833,11,0.612980636791972,OPTIMUM,0.10144,0.93865,1.06878,OPTIMUM,0.10921,0.35150,5.41164,OPTIMUM,0.10833,1.33981,6.43882,2.76009
lsun,2352,0.1,0.1,1,2,9,0,31,0,880,13,880,20,0.691145144548650,OPTIMUM,0.10144,0.93865,1.06878,OPTIMUM,0.17260,1.87721,6.94650,OPTIMUM,0.16862,2.25590,7.39130,5.201890000000001
lsun,2352,0.1,0.1,1,3,9,0,31,0,914,23,914,25,0.939667079759166,OPTIMUM,0.10144,0.93865,1.06878,OPTIMUM,0.10743,1.73468,6.75920,OPTIMUM,0.10866,2.07387,7.14734,4.877330000000001
lsun,2352,0.1,0.1,1,4,9,0,31,0,915,27,915,27,0.955161056156766,OPTIMUM,0.10144,0.93865,1.06878,OPTIMUM,0.10842,1.68778,6.73201,OPTIMUM,0.10869,2.05638,7.09088,4.81294
lsun,2352,0.1,0.1,1,5,9,0,31,0,923,32,923,104,1.000000000000000,OPTIMUM,0.10144,0.93865,1.06878,OPTIMUM,0.10857,1.08437,6.21057,OPTIMUM,0.16050,2.13850,7.24186,4.291650000000001
lsun,2352,0.1,0.1,1,6,9,0,31,0,0,0,,,,OPTIMUM,0.10144,0.93865,1.06878,UNSATISFIABLE,0.10945,0.22209,5.35299,,,,,1.29087
seeds,2352,0.1,0.1,1,0,6,0,15,0,896,20,896,67,0.718748893339577,OPTIMUM,0.11079,0.08428,0.21240,OPTIMUM,0.11929,0.19911,2.45392,OPTIMUM,0.09662,0.23772,2.52914,0.64923
seeds,2352,0.1,0.1,1,1,6,0,15,0,0,0,,,,OPTIMUM,0.11079,0.08428,0.21240,UNSATISFIABLE,0.09662,0.17248,2.45955,,,,,0.38488
spam,2352,0.1,0.1,1,0,183,61,179,37,2429,1,2429,1,0.397781053815340,SATISFIABLE,10.63326,900.04945,912.73862,OPTIMUM,9.97918,349.63037,412.55973,OPTIMUM,9.63438,321.77658,383.98028,1584.14557
spam,2352,0.1,0.1,1,1,183,61,179,37,0,0,,,,SATISFIABLE,10.63326,900.04945,912.73862,UNSATISFIABLE,9.61534,139.15317,201.03671,,,,,1051.89179
target,2352,0.1,0.1,1,0,41,0,36,0,644,2,644,15,0.818099220520794,OPTIMUM,0.82221,3.30296,4.40791,OPTIMUM,0.79675,7.70202,12.53583,OPTIMUM,0.86654,1.61996,6.36927,13.729890000000001
target,2352,0.1,0.1,1,1,41,0,36,0,647,17,647,26,0.964064474954782,OPTIMUM,0.82221,3.30296,4.40791,OPTIMUM,0.85453,3.96117,8.70850,OPTIMUM,0.98647,1.15893,6.03779,9.52801
target,2352,0.1,0.1,1,2,41,0,36,0,650,28,650,164,1.000000000000000,OPTIMUM,0.82221,3.30296,4.40791,OPTIMUM,0.84280,4.09255,8.82293,OPTIMUM,0.84140,0.76532,5.65740,9.26578
target,2352,0.1,0.1,1,3,41,0,36,0,0,0,,,,OPTIMUM,0.82221,3.30296,4.40791,UNSATISFIABLE,0.83976,3.96540,8.67579,,,,,8.37331
wine,2352,0.1,0.1,1,0,9,0,8,0,1178,1,1178,71,0.717283077829415,OPTIMUM,0.11414,0.15667,0.29317,OPTIMUM,0.12195,0.17912,0.50856,OPTIMUM,0.12567,0.32807,0.61958,0.80036
wine,2352,0.1,0.1,1,1,9,0,8,0,0,0,,,,OPTIMUM,0.11414,0.15667,0.29317,UNSATISFIABLE,0.12552,0.10162,0.39324,,,,,0.39479
wingnut,2352,0.1,0.1,1,0,55,0,46,0,1094,67,1094,67,1.000000000000000,OPTIMUM,0.19733,0.20586,0.46463,OPTIMUM,0.19465,0.43775,40.59248,OPTIMUM,0.18471,0.30246,40.24955,1.20484
wingnut,2352,0.1,0.1,1,1,55,0,46,0,0,0,,,,OPTIMUM,0.19733,0.20586,0.46463,UNSATISFIABLE,0.18382,0.30109,40.13755,,,,,0.76572
chainlink,2352,0.1,0.25,1,0,125,1,123,1,989,17,989,17,0.936960897795591,OPTIMUM,0.21057,7.88359,8.14932,OPTIMUM,0.21393,1.62066,6.86752,OPTIMUM,0.42527,1.48289,6.96050,11.25287
chainlink,2352,0.1,0.25,1,1,125,1,123,1,0,0,,,,OPTIMUM,0.21057,7.88359,8.14932,UNSATISFIABLE,0.19508,0.25703,5.50141,,,,,8.40635
glass,2352,0.1,0.25,1,0,14,0,39,0,1122,22,1122,41,0.216751495695031,OPTIMUM,0.33916,6.44795,6.85687,OPTIMUM,0.33479,8.70681,9.27630,OPTIMUM,0.35331,33.59551,34.18124,49.159189999999995
glass,2352,0.1,0.25,1,1,14,0,39,0,0,0,,,,OPTIMUM,0.33916,6.44795,6.85687,UNSATISFIABLE,0.31366,0.87381,1.42025,,,,,7.7306799999999996
ionosphere,2352,0.1,0.25,1,0,49,1,37,0,3576,2,3576,2,0.347255056474915,SATISFIABLE,0.36037,900.01172,900.45130,SATISFIABLE,0.40921,5411.46232,5412.11541,SATISFIABLE,0.45188,5411.40069,5412.09885,11723.31431
ionosphere,2352,0.1,0.25,1,1,49,1,37,0,0,0,,,,SATISFIABLE,0.36037,900.01172,900.45130,UNKNOWN,0.40481,5412.38313,5413.03375,,,,,6312.83443
iris,2352,0.1,0.25,1,0,16,0,21,0,755,9,755,36,0.868037727994384,OPTIMUM,0.05557,0.07635,0.14760,OPTIMUM,0.05974,0.09368,0.61449,OPTIMUM,0.06510,0.08301,0.59197,0.32428999999999997
iris,2352,0.1,0.25,1,1,16,0,21,0,0,0,,,,OPTIMUM,0.05557,0.07635,0.14760,UNSATISFIABLE,0.06511,0.07483,0.58248,,,,,0.22243000000000002
libras,2352,0.1,0.25,1,0,2,0,88,0,2862,6,2862,75,0.128458788397674,OPTIMUM,7.90417,26.68665,35.81779,OPTIMUM,7.80644,85.20465,95.84252,OPTIMUM,7.75439,404.26241,414.90206,525.28485
libras,2352,0.1,0.25,1,1,2,0,88,0,2992,78,2992,221,0.219338105770510,OPTIMUM,7.90417,26.68665,35.81779,OPTIMUM,7.81552,212.81571,223.48955,OPTIMUM,7.62028,487.46865,497.95619,736.10215
libras,2352,0.1,0.25,1,2,2,0,88,0,0,0,,,,OPTIMUM,7.90417,26.68665,35.81779,UNSATISFIABLE,7.62264,19.56066,30.05566,,,,,55.37845
lsun,2352,0.1,0.25,1,0,30,0,70,0,880,2,880,11,0.860361097051101,OPTIMUM,0.10165,0.93988,1.08236,OPTIMUM,0.10642,0.53365,5.20590,OPTIMUM,0.11264,1.73070,6.42115,3.34671
lsun,2352,0.1,0.25,1,1,30,0,70,0,923,12,923,104,1.000000000000000,OPTIMUM,0.10165,0.93988,1.08236,OPTIMUM,0.11213,1.43662,6.18295,OPTIMUM,0.11107,2.07596,6.74892,4.594939999999999
lsun,2352,0.1,0.25,1,2,30,0,70,0,0,0,,,,OPTIMUM,0.10165,0.93988,1.08236,UNSATISFIABLE,0.11054,0.18912,4.90578,,,,,1.27148
seeds,2352,0.1,0.25,1,0,16,0,36,0,982,18,982,24,0.648109995445772,OPTIMUM,0.10957,0.11413,0.24664,OPTIMUM,0.11826,0.24213,1.28023,OPTIMUM,0.10153,0.20674,1.26150,0.6955100000000001
seeds,2352,0.1,0.25,1,1,16,0,36,0,991,33,991,67,0.776459365846431,OPTIMUM,0.10957,0.11413,0.24664,OPTIMUM,0.14072,0.21084,1.28396,OPTIMUM,0.09489,0.19226,1.21709,0.64974
seeds,2352,0.1,0.25,1,2,16,0,36,0,0,0,,,,OPTIMUM,0.10957,0.11413,0.24664,UNSATISFIABLE,0.09397,0.12491,1.17855,,,,,0.37155
spam,2352,0.1,0.25,1,0,465,153,401,131,2429,2,2429,2,0.460900067426815,SATISFIABLE,11.13649,900.04787,913.31211,OPTIMUM,10.52070,261.87638,301.92469,OPTIMUM,10.21884,245.37818,285.21764,1420.56667
spam,2352,0.1,0.25,1,1,465,153,401,131,0,0,,,,SATISFIABLE,11.13649,900.04787,913.31211,UNSATISFIABLE,10.07919,111.27124,151.02446,,,,,1024.5833499999999
target,2352,0.1,0.25,1,0,100,0,92,0,646,1,646,5,0.917307337517295,OPTIMUM,0.82423,6.15423,7.26278,OPTIMUM,0.79728,13.66946,18.40894,OPTIMUM,0.86786,3.29066,7.94421,24.2229
target,2352,0.1,0.25,1,1,100,0,92,0,647,7,647,13,0.923494716173432,OPTIMUM,0.82423,6.15423,7.26278,OPTIMUM,0.84309,4.89423,9.53506,OPTIMUM,0.84265,1.44798,6.23688,13.604989999999999
target,2352,0.1,0.25,1,2,100,0,92,0,650,15,650,164,1.000000000000000,OPTIMUM,0.82423,6.15423,7.26278,OPTIMUM,0.69817,3.72071,8.36487,OPTIMUM,0.84263,1.15369,5.77825,12.13718
target,2352,0.1,0.25,1,3,100,0,92,0,0,0,,,,OPTIMUM,0.82423,6.15423,7.26278,UNSATISFIABLE,0.84000,5.06931,9.68878,,,,,12.33209
wine,2352,0.1,0.25,1,0,15,0,29,0,1178,7,1178,71,0.737473258198871,OPTIMUM,0.12186,0.30470,0.45882,OPTIMUM,0.12340,0.39884,0.72484,OPTIMUM,0.12807,0.48816,0.78181,1.34582
wine,2352,0.1,0.25,1,1,15,0,29,0,0,0,,,,OPTIMUM,0.12186,0.30470,0.45882,UNSATISFIABLE,0.12770,0.16032,0.45820,,,,,0.61914
wingnut,2352,0.1,0.25,1,0,132,0,122,0,1094,67,1094,67,1.000000000000000,OPTIMUM,0.20434,0.19421,0.45670,OPTIMUM,0.20352,0.46787,11.96994,OPTIMUM,0.18646,0.21556,11.44717,1.14013
wingnut,2352,0.1,0.25,1,1,132,0,122,0,0,0,,,,OPTIMUM,0.20434,0.19421,0.45670,UNSATISFIABLE,0.47961,0.22019,11.69746,,,,,0.67689
chainlink,2352,0.1,0.5,1,0,257,0,236,7,989,9,989,9,0.948624589825283,OPTIMUM,0.21496,74.30141,74.56791,OPTIMUM,0.21807,0.72038,3.27401,OPTIMUM,0.19830,0.71406,3.24931,76.00235
chainlink,2352,0.1,0.5,1,1,257,0,236,7,0,0,,,,OPTIMUM,0.21496,74.30141,74.56791,UNSATISFIABLE,0.19657,0.21401,2.76731,,,,,74.78192
ionosphere,2352,0.1,0.5,1,0,95,6,65,9,3577,9,3577,9,0.493305209097579,SATISFIABLE,0.36157,900.01237,900.46126,OPTIMUM,0.39119,199.42222,200.04978,OPTIMUM,0.44290,133.31695,133.99820,1233.2004299999999
ionosphere,2352,0.1,0.5,1,1,95,6,65,9,0,0,,,,SATISFIABLE,0.36157,900.01237,900.46126,UNSATISFIABLE,0.38996,48.30049,48.93277,,,,,948.76175
iris,2352,0.1,0.5,1,0,31,0,44,0,755,29,755,31,0.903767579158050,OPTIMUM,0.05425,0.07108,0.13878,OPTIMUM,0.06132,0.12558,0.38725,OPTIMUM,0.06629,0.08114,0.37836,0.3455
iris,2352,0.1,0.5,1,1,31,0,44,0,0,0,,,,OPTIMUM,0.05425,0.07108,0.13878,UNSATISFIABLE,0.06544,0.06912,0.33052,,,,,0.20789999999999997
libras,2352,0.1,0.5,1,0,7,0,173,0,3342,18,3342,68,0.106519319051211,OPTIMUM,7.84222,65.24249,74.34409,OPTIMUM,7.76444,124.41001,133.84857,OPTIMUM,7.73980,560.24984,569.68633,759.00394
libras,2352,0.1,0.5,1,1,7,0,173,0,0,0,,,,OPTIMUM,7.84222,65.24249,74.34409,UNSATISFIABLE,7.69830,18.87049,28.29341,,,,,93.21458
lsun,2352,0.1,0.5,1,0,64,0,136,0,923,34,923,104,1.000000000000000,OPTIMUM,0.10572,0.22492,0.36630,OPTIMUM,0.10732,1.13005,2.02672,OPTIMUM,0.11124,0.23826,1.20436,1.73461
lsun,2352,0.1,0.5,1,1,64,0,136,0,0,0,,,,OPTIMUM,0.10572,0.22492,0.36630,UNSATISFIABLE,0.11157,0.12677,1.02672,,,,,0.49307
seeds,2352,0.1,0.5,1,0,25,0,80,0,991,21,991,67,0.813550510152839,OPTIMUM,0.11359,0.28347,0.42503,OPTIMUM,0.11837,0.51549,1.52251,OPTIMUM,0.09774,0.24725,1.23254,1.18777
seeds,2352,0.1,0.5,1,1,25,0,80,0,0,0,,,,OPTIMUM,0.11359,0.28347,0.42503,UNSATISFIABLE,0.09490,0.14045,1.17423,,,,,0.56548
spam,2352,0.1,0.5,1,0,1026,209,635,430,2432,5,2432,5,0.424627598220510,SATISFIABLE,10.35243,900.05314,912.60368,OPTIMUM,9.94687,320.27265,359.72759,OPTIMUM,9.66330,186.93252,226.40091,1419.8088500000001
spam,2352,0.1,0.5,1,1,1026,209,635,430,0,0,,,,SATISFIABLE,10.35243,900.05314,912.60368,UNSATISFIABLE,9.54171,138.59456,177.99926,,,,,1051.1982400000002
target,2352,0.1,0.5,1,0,192,0,193,0,649,3,649,13,0.987743618665218,OPTIMUM,0.82296,11.12915,12.23961,OPTIMUM,0.82645,13.82862,18.60192,OPTIMUM,0.88630,0.82531,5.51128,26.89354
target,2352,0.1,0.5,1,1,192,0,193,0,650,18,650,164,1.000000000000000,OPTIMUM,0.82296,11.12915,12.23961,OPTIMUM,0.87564,5.30823,9.98020,OPTIMUM,0.87907,0.75929,5.42999,18.30713
target,2352,0.1,0.5,1,2,192,0,193,0,0,0,,,,OPTIMUM,0.82296,11.12915,12.23961,UNSATISFIABLE,1.02721,5.05856,9.87024,,,,,17.29817
wine,2352,0.1,0.5,1,0,30,0,59,0,1178,7,1178,71,0.879190809939884,OPTIMUM,0.11677,0.70429,0.84813,OPTIMUM,0.12219,1.01158,1.33224,OPTIMUM,0.12748,0.49024,0.79020,2.3499499999999998
wine,2352,0.1,0.5,1,1,30,0,59,0,0,0,,,,OPTIMUM,0.11677,0.70429,0.84813,UNSATISFIABLE,0.12680,0.08461,0.38313,,,,,0.93274
wingnut,2352,0.1,0.5,1,0,245,0,263,0,1094,67,1094,67,1.000000000000000,OPTIMUM,0.19474,0.18833,0.44335,OPTIMUM,0.20124,0.28826,10.86610,OPTIMUM,0.18575,0.20264,10.61276,0.93425
wingnut,2352,0.1,0.5,1,1,245,0,263,0,0,0,,,,OPTIMUM,0.19474,0.18833,0.44335,UNSATISFIABLE,0.18385,0.19685,10.88187,,,,,0.6402
glass,2352,0.1,0.5,1,3,27,0,80,0,0,0,,,,OPTIMUM,0.34148,40.73143,41.14292,UNSATISFIABLE,0.30757,0.72093,1.30309,,,,,41.86385
glass,2352,0.1,0.5,1,2,27,0,80,0,1199,13,1199,13,0.434143002542175,OPTIMUM,0.34148,40.73143,41.14292,OPTIMUM,0.31117,787.85384,788.40517,OPTIMUM,0.36228,300.76901,301.36879,1129.76577
glass,2352,0.1,0.5,1,1,27,0,80,0,1178,11,1178,11,0.417301664021711,OPTIMUM,0.34148,40.73143,41.14292,OPTIMUM,0.31777,2332.12684,2332.67851,OPTIMUM,0.36187,3271.38370,3271.98062,5644.6534599999995
glass,2352,0.1,0.5,1,0,27,0,80,0,1167,1,1167,5,0.215736028806060,OPTIMUM,0.34148,40.73143,41.14292,OPTIMUM,0.33528,1550.32976,1550.89762,OPTIMUM,0.35175,2248.89049,2249.47253,3840.3631700000005
glass,2352,0.1,0.7,1,3,33,0,116,0,0,0,,,,OPTIMUM,0.34067,94.21517,94.62996,UNSATISFIABLE,0.29854,2659.97443,2660.56447,,,,,2754.6043900000004
glass,2352,0.1,0.7,1,2,33,0,116,0,1480,12,1480,12,0.349790100086297,OPTIMUM,0.34067,94.21517,94.62996,SATISFIABLE,0.29926,5413.41278,5413.95495,OPTIMUM,0.33366,4845.08510,4845.66288,10353.127840000001
glass,2352,0.1,0.7,1,1,33,0,116,0,1340,8,1340,11,0.406416639549037,OPTIMUM,0.34067,94.21517,94.62996,SATISFIABLE,0.30276,5412.69609,5413.24763,OPTIMUM,0.34499,1011.06550,1011.65238,6518.39155
glass,2352,0.1,0.7,1,0,33,0,116,0,1299,3,1299,3,0.361514692587204,OPTIMUM,0.34067,94.21517,94.62996,OPTIMUM,0.33168,4621.25361,4621.82158,SATISFIABLE,0.34274,5413.04641,5413.63224,10128.92998
glass,2352,0.1,1.0,1,1,41,16,154,3,0,0,,,,SATISFIABLE,0.33986,900.01460,900.44126,UNSATISFIABLE,0.30845,3649.70952,3650.27222,,,,,4550.15078
glass,2352,0.1,1.0,1,0,41,16,154,3,1474,1,1474,1,0.191512931483941,SATISFIABLE,0.33986,900.01460,900.44126,SATISFIABLE,0.33390,5411.99652,5412.59305,SATISFIABLE,0.35516,5411.73984,5412.35276,11724.17762
libras,2352,0.1,1.0,1,1,18,0,342,0,0,0,,,,OPTIMUM,7.78220,96.78144,105.78526,UNSATISFIABLE,7.86467,18.20372,27.83433,,,,,123.98898
libras,2352,0.1,1.0,1,0,18,0,342,0,3342,4,3342,68,0.177956293477254,OPTIMUM,7.78220,96.78144,105.78526,OPTIMUM,7.77695,1295.21407,1304.73425,OPTIMUM,7.80908,1482.56853,1492.14533,2883.56786
libras,2352,0.1,1.5,1,0,31,0,509,0,0,0,,,,OPTIMUM,7.98480,437.09613,446.32045,UNKNOWN,7.87157,5413.51591,5423.17101,,,,,5859.83636
libras,2352,0.1,1.75,1,0,39,1,590,0,0,0,,,,SATISFIABLE,7.92403,900.03931,909.19999,UNKNOWN,7.84845,5412.77803,5422.36013,,,,,6321.9780200000005
libras,2352,0.1,2.0,1,0,45,4,671,0,0,0,,,,SATISFIABLE,7.88339,900.02114,909.14799,UNKNOWN,7.83818,5412.83095,5422.56788,,,,,6321.97894
