data,seed,e,kappa,cl_ml_ratio,pareto_index,ml_sat,ml_unsat,cl_sat,cl_unsat,lm_lambda_minus,lm_lambda_plus,lp_lambda_minus,lp_lambda_plus,ARI,p1_slvr_status,p1_clause_gen,p1_solver,p1_total,p2_lm_slvr_status,p2_lm_clause_gen,p2_lm_solver,p2_lm_total,p2_lp_slvr_status,p2_lp_clause_gen,p2_lp_solver,p2_lp_total,total_slvr_time
chainlink,3556,0.1,0.7,1,0,345,4,342,9,989,11,989,11,0.925369330782809,OPTIMUM,0.20935,310.27678,310.55165,OPTIMUM,0.20984,0.39663,3.02023,OPTIMUM,0.19462,0.50080,3.11097,311.44908000000004
chainlink,3556,0.1,0.7,1,1,345,4,342,9,0,0,,,,OPTIMUM,0.20935,310.27678,310.55165,UNSATISFIABLE,0.19448,0.22140,3.09384,,,,,310.77305
libras,1732,0.1,2.0,1,0,38,4,677,1,0,0,,,,SATISFIABLE,7.93606,900.02721,909.22210,UNKNOWN,7.72001,5413.55967,5422.90735,,,,,6322.78177
ionosphere,3556,0.1,0.7,1,0,146,8,84,7,3577,99,3577,99,0.691500337994094,SATISFIABLE,0.36764,900.01662,900.47708,OPTIMUM,0.41971,21.72452,22.42236,OPTIMUM,0.49026,11.44002,12.20807,933.64162
ionosphere,3556,0.1,0.7,1,1,146,8,84,7,0,0,,,,SATISFIABLE,0.36764,900.01662,900.47708,UNSATISFIABLE,0.40936,8.54805,9.23040,,,,,909.02513
iris,3556,0.1,0.7,1,0,33,0,72,0,755,23,755,23,0.922155102040816,OPTIMUM,0.06201,0.06386,0.13947,OPTIMUM,0.06315,0.15482,0.56742,OPTIMUM,0.09422,0.09022,0.53684,0.38451
iris,3556,0.1,0.7,1,1,33,0,72,0,0,0,,,,OPTIMUM,0.06201,0.06386,0.13947,UNSATISFIABLE,0.06628,0.07637,0.49627,,,,,0.21584
libras,3556,0.1,1.75,1,0,50,0,580,0,0,0,,,,OPTIMUM,7.96605,631.01857,640.28216,UNKNOWN,7.63085,5413.11639,5422.51112,,,,,6053.39855
lsun,3556,0.1,0.7,1,0,113,0,167,0,917,4,917,4,0.968130289168640,OPTIMUM,0.10267,0.26718,0.41148,OPTIMUM,0.10484,0.26036,0.82401,OPTIMUM,0.11071,0.15231,0.72888,0.8241499999999999
lsun,3556,0.1,0.7,1,1,113,0,167,0,923,7,923,104,1.000000000000000,OPTIMUM,0.10267,0.26718,0.41148,OPTIMUM,0.17081,0.68452,1.31544,OPTIMUM,0.10775,0.19826,0.76688,1.29426
lsun,3556,0.1,0.7,1,2,113,0,167,0,0,0,,,,OPTIMUM,0.10267,0.26718,0.41148,UNSATISFIABLE,0.10684,0.11646,0.68640,,,,,0.52794
seeds,3556,0.1,0.7,1,0,32,0,115,0,1083,12,1083,18,0.837772664392092,OPTIMUM,0.11200,0.40890,0.54356,OPTIMUM,0.11610,0.76934,1.86003,OPTIMUM,0.09983,0.31236,1.39783,1.62526
seeds,3556,0.1,0.7,1,1,32,0,115,0,1166,20,1166,20,0.784794408473286,OPTIMUM,0.11200,0.40890,0.54356,OPTIMUM,0.09387,0.79472,1.93251,OPTIMUM,0.09263,0.55277,1.63410,1.8910500000000001
seeds,3556,0.1,0.7,1,2,32,0,115,0,0,0,,,,OPTIMUM,0.11200,0.40890,0.54356,UNSATISFIABLE,0.09299,0.38061,1.51192,,,,,0.92417
spam,3556,0.1,0.7,1,0,1363,349,499,1009,2432,17,2432,17,0.123347898638912,SATISFIABLE,10.14657,900.05306,912.51417,OPTIMUM,10.07580,166.20712,204.19290,OPTIMUM,9.73933,183.21577,221.06960,1261.93706
spam,3556,0.1,0.7,1,1,1363,349,499,1009,0,0,,,,SATISFIABLE,10.14657,900.05306,912.51417,UNSATISFIABLE,9.43099,69.18244,106.72331,,,,,981.6966100000001
target,3556,0.1,0.7,1,0,273,0,266,0,648,4,648,4,0.982429935588130,OPTIMUM,0.83786,2.96283,4.09116,OPTIMUM,0.79343,11.22778,15.90131,OPTIMUM,0.87544,1.04760,5.65291,16.36654
target,3556,0.1,0.7,1,1,273,0,266,0,649,6,649,13,0.992635073291067,OPTIMUM,0.83786,2.96283,4.09116,OPTIMUM,0.84044,4.64537,9.21057,OPTIMUM,0.84291,0.87704,5.43490,9.61357
target,3556,0.1,0.7,1,2,273,0,266,0,650,19,650,164,1.000000000000000,OPTIMUM,0.83786,2.96283,4.09116,OPTIMUM,0.83096,5.81027,10.53494,OPTIMUM,0.83706,0.77387,5.31603,10.675300000000002
target,3556,0.1,0.7,1,3,273,0,266,0,0,0,,,,OPTIMUM,0.83786,2.96283,4.09116,UNSATISFIABLE,0.83408,5.38932,9.97315,,,,,9.48048
wine,3556,0.1,0.7,1,0,42,0,82,0,1179,4,1179,8,0.806692544002185,OPTIMUM,0.11437,0.73473,0.88288,OPTIMUM,0.12032,1.13725,1.36194,OPTIMUM,0.15637,2.58845,2.85632,4.60858
wine,3556,0.1,0.7,1,1,42,0,82,0,1217,13,1217,71,0.915176962796498,OPTIMUM,0.11437,0.73473,0.88288,OPTIMUM,0.12547,4.88583,5.12257,OPTIMUM,0.12488,0.38956,0.62467,6.158270000000001
wine,3556,0.1,0.7,1,2,42,0,82,0,0,0,,,,OPTIMUM,0.11437,0.73473,0.88288,UNSATISFIABLE,0.12435,0.08318,0.32226,,,,,0.96606
wingnut,3556,0.1,0.7,1,0,351,0,360,0,1094,67,1094,67,1.000000000000000,OPTIMUM,0.20024,0.17487,0.43324,OPTIMUM,0.19634,0.22163,4.54040,OPTIMUM,0.18113,0.16937,4.21692,0.8242400000000001
wingnut,3556,0.1,0.7,1,1,351,0,360,0,0,0,,,,OPTIMUM,0.20024,0.17487,0.43324,UNSATISFIABLE,0.18059,0.15817,4.22650,,,,,0.59141
chainlink,3556,0.1,1.0,1,0,488,8,495,9,989,3,989,3,0.940840821634874,OPTIMUM,0.20868,495.64884,495.92581,OPTIMUM,0.20779,0.24376,2.85569,OPTIMUM,0.19468,0.34792,2.94643,496.51749
chainlink,3556,0.1,1.0,1,1,488,8,495,9,0,0,,,,OPTIMUM,0.20868,495.64884,495.92581,UNSATISFIABLE,0.19356,0.21518,2.82885,,,,,496.14099
libras,3556,0.1,2.0,1,0,54,3,658,5,0,0,,,,SATISFIABLE,7.92660,900.03944,909.23000,UNKNOWN,7.75022,5412.77924,5422.46102,,,,,6322.009239999999
ionosphere,3556,0.1,1.0,1,0,190,15,127,19,3577,99,3577,99,0.643503040480370,SATISFIABLE,0.38044,900.01333,900.47895,OPTIMUM,0.38622,11.63901,12.29967,OPTIMUM,0.43492,3.43118,4.14477,915.5491400000001
ionosphere,3556,0.1,1.0,1,1,190,15,127,19,0,0,,,,SATISFIABLE,0.38044,900.01333,900.47895,UNSATISFIABLE,0.38421,0.38618,1.05045,,,,,900.86513
iris,3556,0.1,1.0,1,0,44,0,106,0,854,23,854,23,0.941012256292421,OPTIMUM,0.05724,0.09975,0.17993,OPTIMUM,0.05903,0.13524,0.50342,OPTIMUM,0.09339,0.07512,0.48495,0.39029
iris,3556,0.1,1.0,1,1,44,0,106,0,0,0,,,,OPTIMUM,0.05724,0.09975,0.17993,UNSATISFIABLE,0.06484,0.07109,0.45771,,,,,0.25102
lsun,3556,0.1,1.0,1,0,171,0,229,0,923,7,923,104,1.000000000000000,OPTIMUM,0.10555,0.21446,0.36432,OPTIMUM,0.10856,0.66162,1.21762,OPTIMUM,0.10991,0.11587,0.66750,1.1418099999999998
lsun,3556,0.1,1.0,1,1,171,0,229,0,0,0,,,,OPTIMUM,0.10555,0.21446,0.36432,UNSATISFIABLE,0.10938,0.11512,0.72758,,,,,0.47944
seeds,3556,0.1,1.0,1,0,52,0,157,1,1058,18,1058,18,0.929429168159845,OPTIMUM,0.11834,1.72435,1.86907,OPTIMUM,0.11705,0.47368,1.25781,OPTIMUM,0.09335,0.18734,0.95023,2.53009
seeds,3556,0.1,1.0,1,1,52,0,157,1,0,0,,,,OPTIMUM,0.11834,1.72435,1.86907,UNSATISFIABLE,0.09505,0.10747,0.86795,,,,,1.97654
spam,3556,0.1,1.0,1,0,1804,615,1509,673,2432,0,2432,0,0.433513873708116,SATISFIABLE,10.20399,900.06075,912.56773,OPTIMUM,9.94433,121.66198,160.11766,OPTIMUM,9.68848,120.68309,159.14739,1154.9128
spam,3556,0.1,1.0,1,1,1804,615,1509,673,0,0,,,,SATISFIABLE,10.20399,900.06075,912.56773,UNSATISFIABLE,9.40480,68.97285,107.04841,,,,,981.54058
target,3556,0.1,1.0,1,0,375,0,395,0,649,3,649,13,0.992621544219354,OPTIMUM,0.81655,2.54457,3.65903,OPTIMUM,0.80214,9.01439,13.56740,OPTIMUM,0.85441,0.87038,5.31848,13.543800000000001
target,3556,0.1,1.0,1,1,375,0,395,0,650,16,650,164,1.000000000000000,OPTIMUM,0.81655,2.54457,3.65903,OPTIMUM,0.85393,5.78367,10.22210,OPTIMUM,0.85000,0.90978,5.35082,10.35248
target,3556,0.1,1.0,1,2,375,0,395,0,0,0,,,,OPTIMUM,0.81655,2.54457,3.65903,UNSATISFIABLE,0.85218,5.42147,9.89355,,,,,9.0805
wine,3556,0.1,1.0,1,0,62,0,116,0,1275,32,1275,71,0.965051622302358,OPTIMUM,0.11824,0.49321,0.64684,OPTIMUM,0.11812,3.69969,3.91583,OPTIMUM,0.15340,0.53256,0.77367,4.87909
wine,3556,0.1,1.0,1,1,62,0,116,0,0,0,,,,OPTIMUM,0.11824,0.49321,0.64684,UNSATISFIABLE,0.12557,0.08015,0.29689,,,,,0.72699
wingnut,3556,0.1,1.0,1,0,499,0,517,0,1094,67,1094,67,1.000000000000000,OPTIMUM,0.19446,0.16336,0.41864,OPTIMUM,0.19415,0.15999,2.29671,OPTIMUM,0.42717,0.14767,2.50820,0.7263
wingnut,3556,0.1,1.0,1,1,499,0,517,0,0,0,,,,OPTIMUM,0.19446,0.16336,0.41864,UNSATISFIABLE,0.17881,0.15015,2.27070,,,,,0.56879
chainlink,3556,0.1,1.5,1,0,733,15,739,13,989,11,989,11,0.952528499988577,SATISFIABLE,0.20861,900.01448,900.28369,OPTIMUM,0.21009,0.20759,2.69441,OPTIMUM,0.19393,0.30726,2.77974,900.79854
chainlink,3556,0.1,1.5,1,1,733,15,739,13,0,0,,,,SATISFIABLE,0.20861,900.01448,900.28369,UNSATISFIABLE,0.19290,0.21717,2.69437,,,,,900.50086
glass,3556,0.1,1.5,1,0,65,13,239,4,1481,3,1481,3,0.372967881045409,SATISFIABLE,0.34562,900.01583,900.46658,OPTIMUM,0.33729,227.01748,227.55046,OPTIMUM,0.30833,141.88012,142.46974,1269.36418
glass,3556,0.1,1.5,1,1,65,13,239,4,0,0,,,,SATISFIABLE,0.34562,900.01583,900.46658,UNSATISFIABLE,0.30290,60.97488,61.47139,,,,,961.44146
ionosphere,3556,0.1,1.5,1,0,270,26,206,24,3577,83,3577,83,0.772718098794086,SATISFIABLE,0.38190,900.01552,900.49193,OPTIMUM,0.37686,10.97487,11.63734,OPTIMUM,0.42506,3.47418,4.17984,914.9409800000001
ionosphere,3556,0.1,1.5,1,1,270,26,206,24,0,0,,,,SATISFIABLE,0.38190,900.01552,900.49193,UNSATISFIABLE,0.39716,3.03474,3.71952,,,,,903.5266700000001
iris,3556,0.1,1.5,1,0,72,1,152,0,854,23,854,23,0.960277691633887,OPTIMUM,0.05562,0.26081,0.34012,OPTIMUM,0.05903,0.07468,0.30728,OPTIMUM,0.06446,0.06575,0.33471,0.4805499999999999
iris,3556,0.1,1.5,1,1,72,1,152,0,0,0,,,,OPTIMUM,0.05562,0.26081,0.34012,UNSATISFIABLE,0.06407,0.07120,0.30898,,,,,0.41131999999999996
lsun,3556,0.1,1.5,1,0,252,0,348,0,923,8,923,104,1.000000000000000,OPTIMUM,0.10599,0.23371,0.39756,OPTIMUM,0.10318,0.13105,0.64864,OPTIMUM,0.10747,0.12441,0.65152,0.65302
lsun,3556,0.1,1.5,1,1,252,0,348,0,0,0,,,,OPTIMUM,0.10599,0.23371,0.39756,UNSATISFIABLE,0.10811,0.11765,0.65238,,,,,0.5152100000000001
seeds,3556,0.1,1.5,1,0,88,1,223,3,1058,20,1058,20,0.916654302250094,OPTIMUM,0.11160,35.83332,35.96816,OPTIMUM,0.11915,0.22518,0.79181,OPTIMUM,0.09210,0.16755,0.68682,36.36089
seeds,3556,0.1,1.5,1,1,88,1,223,3,0,0,,,,OPTIMUM,0.11160,35.83332,35.96816,UNSATISFIABLE,0.09507,0.10287,0.63560,,,,,36.07103
spam,3556,0.1,1.5,1,0,2619,961,1881,1440,2432,0,2432,0,0.293721929616060,SATISFIABLE,10.17563,900.07719,912.61497,OPTIMUM,10.06543,100.26240,138.55802,OPTIMUM,9.68727,177.18409,215.19416,1190.06146
spam,3556,0.1,1.5,1,1,2619,961,1881,1440,0,0,,,,SATISFIABLE,10.17563,900.07719,912.61497,UNSATISFIABLE,9.63783,94.78336,132.76997,,,,,1007.39833
target,3556,0.1,1.5,1,0,564,0,591,0,649,13,649,13,0.992621544219354,OPTIMUM,0.83541,2.67833,3.81452,OPTIMUM,0.83386,2.70879,6.98209,OPTIMUM,0.73984,1.07800,5.24130,7.601310000000001
target,3556,0.1,1.5,1,1,564,0,591,0,650,14,650,164,1.000000000000000,OPTIMUM,0.83541,2.67833,3.81452,OPTIMUM,0.71693,5.29584,9.45159,OPTIMUM,0.71819,0.75064,4.89909,9.861
target,3556,0.1,1.5,1,2,564,0,591,0,0,0,,,,OPTIMUM,0.83541,2.67833,3.81452,UNSATISFIABLE,0.71605,5.08962,9.22158,,,,,8.90414
wine,3556,0.1,1.5,1,0,98,0,169,0,1275,4,1275,71,0.981691113014014,OPTIMUM,0.11427,0.37860,0.52742,OPTIMUM,0.11981,0.87300,1.10350,OPTIMUM,0.15581,0.42822,0.69355,1.82864
wine,3556,0.1,1.5,1,1,98,0,169,0,0,0,,,,OPTIMUM,0.11427,0.37860,0.52742,UNSATISFIABLE,0.12355,0.07303,0.30626,,,,,0.60045
wingnut,3556,0.1,1.5,1,0,743,0,781,0,1094,67,1094,67,1.000000000000000,OPTIMUM,0.20014,0.16765,0.42931,OPTIMUM,0.19343,0.14647,1.97139,OPTIMUM,0.17902,0.14863,1.95323,0.72441
wingnut,3556,0.1,1.5,1,1,743,0,781,0,0,0,,,,OPTIMUM,0.20014,0.16765,0.42931,UNSATISFIABLE,0.42923,0.14365,2.19454,,,,,0.57296
chainlink,3556,0.1,1.75,1,0,863,15,856,16,989,11,989,11,0.952528499988577,SATISFIABLE,0.21410,900.01847,900.30274,OPTIMUM,0.21331,0.19625,2.73235,OPTIMUM,0.19551,0.28802,2.81764,900.7870099999999
chainlink,3556,0.1,1.75,1,1,863,15,856,16,0,0,,,,SATISFIABLE,0.21410,900.01847,900.30274,UNSATISFIABLE,0.19463,0.21657,2.74923,,,,,900.51931
glass,3556,0.1,1.75,1,0,81,12,274,7,1479,3,1479,3,0.607264101708390,SATISFIABLE,0.33278,900.01693,900.43674,OPTIMUM,0.33010,40.38576,40.90949,OPTIMUM,0.30615,62.00854,62.54685,1002.83104
glass,3556,0.1,1.75,1,1,81,12,274,7,0,0,,,,SATISFIABLE,0.33278,900.01693,900.43674,UNSATISFIABLE,0.30541,24.57031,25.05826,,,,,925.0070499999999
ionosphere,3556,0.1,1.75,1,0,313,29,228,44,3575,28,3575,28,0.692407096777463,SATISFIABLE,0.36548,900.01349,900.47795,OPTIMUM,0.38613,2.70743,3.39574,OPTIMUM,0.43911,5.44406,6.18280,908.62944
ionosphere,3556,0.1,1.75,1,1,313,29,228,44,0,0,,,,SATISFIABLE,0.36548,900.01349,900.47795,UNSATISFIABLE,0.38747,2.58122,3.26538,,,,,903.05917
iris,3556,0.1,1.75,1,0,83,1,178,0,854,23,854,23,0.979932004718040,OPTIMUM,0.05878,0.44612,0.52343,OPTIMUM,0.06121,0.10962,0.32722,OPTIMUM,0.06563,0.07055,0.29273,0.7035999999999999
iris,3556,0.1,1.75,1,1,83,1,178,0,0,0,,,,OPTIMUM,0.05878,0.44612,0.52343,UNSATISFIABLE,0.09669,0.06849,0.32232,,,,,0.59192
lsun,3556,0.1,1.75,1,0,284,0,416,0,923,8,923,104,1.000000000000000,OPTIMUM,0.10586,0.23372,0.38429,OPTIMUM,0.10641,0.13168,0.66844,OPTIMUM,0.11067,0.13101,0.67454,0.64698
lsun,3556,0.1,1.75,1,1,284,0,416,0,0,0,,,,OPTIMUM,0.10586,0.23372,0.38429,UNSATISFIABLE,0.11267,0.11555,0.66319,,,,,0.49984
seeds,3556,0.1,1.75,1,0,105,2,258,2,1058,20,1058,20,0.930052202938368,OPTIMUM,0.11152,21.23204,21.36833,OPTIMUM,0.11738,0.21212,0.71545,OPTIMUM,0.09322,0.14527,0.61882,21.72572
seeds,3556,0.1,1.75,1,1,105,2,258,2,0,0,,,,OPTIMUM,0.11152,21.23204,21.36833,UNSATISFIABLE,0.09252,0.08512,0.56198,,,,,21.45345
spam,3556,0.1,1.75,1,0,3750,437,417,3447,2432,8,2432,8,-0.014671872397920,SATISFIABLE,9.97795,900.09813,912.47390,OPTIMUM,10.26749,54.11986,91.17996,OPTIMUM,9.82673,65.73862,102.42202,1032.33238
spam,3556,0.1,1.75,1,1,3750,437,417,3447,0,0,,,,SATISFIABLE,9.97795,900.09813,912.47390,UNSATISFIABLE,9.75402,32.27734,68.83507,,,,,944.7512399999999
target,3556,0.1,1.75,1,0,651,0,696,0,649,5,649,13,0.997531859876431,OPTIMUM,0.83170,2.28827,3.43184,OPTIMUM,0.83274,2.73998,6.83068,OPTIMUM,0.73285,0.72779,4.55035,6.89961
target,3556,0.1,1.75,1,1,651,0,696,0,650,164,650,164,1.000000000000000,OPTIMUM,0.83170,2.28827,3.43184,OPTIMUM,1.01322,5.26658,9.37783,OPTIMUM,0.88437,0.76341,4.75465,9.46183
target,3556,0.1,1.75,1,2,651,0,696,0,0,0,,,,OPTIMUM,0.83170,2.28827,3.43184,UNSATISFIABLE,0.89287,5.00812,9.00837,,,,,8.43996
wine,3556,0.1,1.75,1,0,118,0,193,0,1275,71,1275,71,0.981691113014014,OPTIMUM,0.11560,0.44941,0.59974,OPTIMUM,0.11917,0.35256,0.57715,OPTIMUM,0.15778,0.27128,0.53084,1.2235800000000001
wine,3556,0.1,1.75,1,1,118,0,193,0,0,0,,,,OPTIMUM,0.11560,0.44941,0.59974,UNSATISFIABLE,0.12394,0.07984,0.31064,,,,,0.6795800000000001
wingnut,3556,0.1,1.75,1,0,866,0,912,0,1094,67,1094,67,1.000000000000000,OPTIMUM,0.20187,0.16098,0.42406,OPTIMUM,0.19874,0.14262,1.96625,OPTIMUM,0.18300,0.16812,1.96953,0.7347999999999999
wingnut,3556,0.1,1.75,1,1,866,0,912,0,0,0,,,,OPTIMUM,0.20187,0.16098,0.42406,UNSATISFIABLE,0.42176,0.14410,2.17890,,,,,0.56816
chainlink,3556,0.1,2.0,1,0,990,18,974,18,989,4,989,11,0.956440410935177,SATISFIABLE,0.21100,900.01442,900.29980,OPTIMUM,0.21612,0.18603,2.73791,OPTIMUM,0.19595,0.30600,2.84023,900.79183
chainlink,3556,0.1,2.0,1,1,990,18,974,18,0,0,,,,SATISFIABLE,0.21100,900.01442,900.29980,UNSATISFIABLE,0.19510,0.18814,2.73743,,,,,900.48794
glass,3556,0.1,2.0,1,0,77,29,307,15,1474,11,1474,11,0.359269182701011,SATISFIABLE,0.34458,900.01316,900.44695,OPTIMUM,0.36328,26.22968,26.79944,OPTIMUM,0.30618,26.02760,26.58712,952.70423
glass,3556,0.1,2.0,1,1,77,29,307,15,0,0,,,,SATISFIABLE,0.34458,900.01316,900.44695,UNSATISFIABLE,0.30574,0.24487,0.75070,,,,,900.69182
ionosphere,3556,0.1,2.0,1,0,360,33,248,61,3577,99,3577,99,0.663865205651555,SATISFIABLE,0.36920,900.01598,900.48474,OPTIMUM,0.38625,3.89815,4.61911,OPTIMUM,0.43262,3.64874,4.40205,908.03163
ionosphere,3556,0.1,2.0,1,1,360,33,248,61,0,0,,,,SATISFIABLE,0.36920,900.01598,900.48474,UNSATISFIABLE,0.38078,0.36661,1.06351,,,,,900.85135
iris,3556,0.1,2.0,1,0,97,1,201,1,854,23,854,23,0.979932004718040,OPTIMUM,0.05657,0.38113,0.45414,OPTIMUM,0.05896,0.09794,0.27422,OPTIMUM,0.06853,0.06554,0.25948,0.6176200000000001
iris,3556,0.1,2.0,1,1,97,1,201,1,0,0,,,,OPTIMUM,0.05657,0.38113,0.45414,UNSATISFIABLE,0.09456,0.07123,0.27798,,,,,0.52537
lsun,3556,0.1,2.0,1,0,322,0,478,0,923,11,923,104,1.000000000000000,OPTIMUM,0.10857,0.18103,0.33533,OPTIMUM,0.11399,0.12373,0.67740,OPTIMUM,0.11653,0.11172,0.66464,0.5707800000000001
lsun,3556,0.1,2.0,1,1,322,0,478,0,0,0,,,,OPTIMUM,0.10857,0.18103,0.33533,UNSATISFIABLE,0.11689,0.11704,0.67501,,,,,0.45237000000000005
seeds,3556,0.1,2.0,1,0,123,4,291,2,1058,20,1058,20,0.930052202938368,OPTIMUM,0.11281,46.78520,46.92991,OPTIMUM,0.11932,0.18105,0.56041,OPTIMUM,0.09304,0.20062,0.54250,47.31158
seeds,3556,0.1,2.0,1,1,123,4,291,2,0,0,,,,OPTIMUM,0.11281,46.78520,46.92991,UNSATISFIABLE,0.09289,0.07807,0.42248,,,,,47.007979999999996
spam,3556,0.1,2.0,1,0,3519,1294,2667,1722,2429,3,2429,3,0.334694562661597,SATISFIABLE,9.97474,900.09408,912.40375,OPTIMUM,9.87680,73.86373,112.02361,OPTIMUM,9.64147,99.85749,137.97879,1086.12497
spam,3556,0.1,2.0,1,1,3519,1294,2667,1722,0,0,,,,SATISFIABLE,9.97474,900.09408,912.40375,UNSATISFIABLE,9.51107,44.66976,82.60704,,,,,957.0735099999999
target,3556,0.1,2.0,1,0,745,0,795,0,649,13,649,13,0.997531859876431,OPTIMUM,0.83139,2.34266,3.48196,OPTIMUM,0.82246,10.31323,14.35424,OPTIMUM,0.69783,0.70120,4.43414,14.496390000000002
target,3556,0.1,2.0,1,1,745,0,795,0,650,164,650,164,1.000000000000000,OPTIMUM,0.83139,2.34266,3.48196,OPTIMUM,0.98824,5.14386,9.17199,OPTIMUM,0.85300,0.70083,4.60095,9.32665
target,3556,0.1,2.0,1,2,745,0,795,0,0,0,,,,OPTIMUM,0.83139,2.34266,3.48196,UNSATISFIABLE,0.69923,5.36902,9.28182,,,,,8.85098
wine,3556,0.1,2.0,1,0,131,0,225,0,1275,3,1275,71,0.981691113014014,OPTIMUM,0.11968,0.28979,0.44503,OPTIMUM,0.12181,0.39410,0.62921,OPTIMUM,0.15519,0.25838,0.52848,1.09751
wine,3556,0.1,2.0,1,1,131,0,225,0,0,0,,,,OPTIMUM,0.11968,0.28979,0.44503,UNSATISFIABLE,0.12523,0.07803,0.31411,,,,,0.52306
wingnut,3556,0.1,2.0,1,0,991,0,1041,0,1094,67,1094,67,1.000000000000000,OPTIMUM,0.20328,0.15980,0.42436,OPTIMUM,0.20091,0.14770,1.98733,OPTIMUM,0.18038,0.14558,1.94986,0.7176400000000001
wingnut,3556,0.1,2.0,1,1,991,0,1041,0,0,0,,,,OPTIMUM,0.20328,0.15980,0.42436,UNSATISFIABLE,0.43518,0.13845,2.19137,,,,,0.56281
chainlink,3556,0.1,0.1,1,0,54,0,46,0,989,3,989,4,0.861044941455406,OPTIMUM,0.20838,1.37945,1.64319,OPTIMUM,0.20856,2.27672,12.56949,OPTIMUM,0.19843,3.71769,13.79686,7.6376
chainlink,3556,0.1,0.1,1,1,54,0,46,0,0,0,,,,OPTIMUM,0.20838,1.37945,1.64319,UNSATISFIABLE,0.19698,1.88435,12.55384,,,,,3.52754
glass,3556,0.1,0.1,1,0,4,0,17,0,1069,9,1069,15,0.191667429786424,OPTIMUM,0.32716,2.93597,3.34939,OPTIMUM,0.32659,2.96766,3.62437,OPTIMUM,0.34304,4.63446,5.32106,10.951509999999999
glass,3556,0.1,0.1,1,1,4,0,17,0,1100,16,1100,18,0.212257502193133,OPTIMUM,0.32716,2.93597,3.34939,OPTIMUM,0.30422,5.79308,6.48091,OPTIMUM,0.30135,12.64827,13.28783,21.79074
glass,3556,0.1,0.1,1,2,4,0,17,0,1118,19,1118,20,0.195682573225777,OPTIMUM,0.32716,2.93597,3.34939,OPTIMUM,0.34083,16.44168,17.11602,OPTIMUM,0.30384,26.86712,27.56609,46.658190000000005
glass,3556,0.1,0.1,1,3,4,0,17,0,1126,21,1126,29,0.279640728905985,OPTIMUM,0.32716,2.93597,3.34939,OPTIMUM,0.30961,15.28442,15.93186,OPTIMUM,0.34542,21.09096,21.77085,39.72477
glass,3556,0.1,0.1,1,4,4,0,17,0,1127,30,1127,30,0.149713769371228,OPTIMUM,0.32716,2.93597,3.34939,OPTIMUM,0.30159,11.42410,12.11317,OPTIMUM,0.29869,8.86668,9.49850,23.640169999999998
glass,3556,0.1,0.1,1,5,4,0,17,0,0,0,,,,OPTIMUM,0.32716,2.93597,3.34939,UNSATISFIABLE,0.33506,3.23636,3.90393,,,,,6.58575
ionosphere,3556,0.1,0.1,1,0,22,0,13,0,3554,29,3554,196,0.373975955433580,OPTIMUM,0.36337,9.58273,10.02988,OPTIMUM,0.38107,0.97693,1.61961,OPTIMUM,0.42319,25.22225,25.91000,36.22906
ionosphere,3556,0.1,0.1,1,1,22,0,13,0,3555,199,3555,199,0.310067224219179,OPTIMUM,0.36337,9.58273,10.02988,OPTIMUM,0.38329,8.07435,8.72077,OPTIMUM,0.37720,15.74319,16.38551,33.84742
ionosphere,3556,0.1,0.1,1,2,22,0,13,0,3556,201,3556,201,0.320799114383544,OPTIMUM,0.36337,9.58273,10.02988,OPTIMUM,0.37188,8.61200,9.25074,OPTIMUM,0.37255,16.50837,17.15755,35.15025
ionosphere,3556,0.1,0.1,1,3,22,0,13,0,3557,272,3557,272,0.354884294238694,OPTIMUM,0.36337,9.58273,10.02988,OPTIMUM,0.37049,8.19672,8.83191,OPTIMUM,0.37246,9.99025,10.63106,28.216849999999997
ionosphere,3556,0.1,0.1,1,4,22,0,13,0,3572,332,3572,502,0.398662742668319,OPTIMUM,0.36337,9.58273,10.02988,OPTIMUM,0.43876,0.91801,1.61948,OPTIMUM,0.37739,8.88113,9.52232,19.82902
ionosphere,3556,0.1,0.1,1,5,22,0,13,0,0,0,,,,OPTIMUM,0.36337,9.58273,10.02988,UNSATISFIABLE,0.37626,8.40819,9.05344,,,,,18.43807
iris,3556,0.1,0.1,1,0,5,0,10,0,755,2,755,33,0.635696821515892,OPTIMUM,0.05765,0.09768,0.17827,OPTIMUM,0.05978,0.37075,1.41699,OPTIMUM,0.06460,0.14679,1.17345,0.69581
iris,3556,0.1,0.1,1,1,5,0,10,0,0,0,,,,OPTIMUM,0.05765,0.09768,0.17827,UNSATISFIABLE,0.06598,0.10947,1.14046,,,,,0.28774
lsun,3556,0.1,0.1,1,0,16,0,24,0,854,4,854,15,0.665586664063567,OPTIMUM,0.10648,0.95924,1.10191,OPTIMUM,0.10368,0.37165,4.76709,OPTIMUM,0.10955,1.28427,5.72097,2.7578300000000002
lsun,3556,0.1,0.1,1,1,16,0,24,0,880,20,880,20,0.828291935418426,OPTIMUM,0.10648,0.95924,1.10191,OPTIMUM,0.10925,1.63061,6.06074,OPTIMUM,0.10872,1.54362,5.96385,4.27614
lsun,3556,0.1,0.1,1,2,16,0,24,0,903,21,903,37,0.976093178161029,OPTIMUM,0.10648,0.95924,1.10191,OPTIMUM,0.10839,1.61313,6.01196,OPTIMUM,0.10902,1.57375,6.01835,4.2887900000000005
lsun,3556,0.1,0.1,1,3,16,0,24,0,923,39,923,104,1.000000000000000,OPTIMUM,0.10648,0.95924,1.10191,OPTIMUM,0.10948,0.20108,4.61271,OPTIMUM,0.11273,1.70872,6.23305,3.01171
lsun,3556,0.1,0.1,1,4,16,0,24,0,0,0,,,,OPTIMUM,0.10648,0.95924,1.10191,UNSATISFIABLE,0.11283,0.18207,4.58441,,,,,1.28398
seeds,3556,0.1,0.1,1,0,4,0,17,0,896,20,896,67,0.729606476913545,OPTIMUM,0.11613,0.08239,0.22277,OPTIMUM,0.11928,0.34907,2.92427,OPTIMUM,0.09599,0.48987,3.07240,1.0617100000000002
seeds,3556,0.1,0.1,1,1,4,0,17,0,0,0,,,,OPTIMUM,0.11613,0.08239,0.22277,UNSATISFIABLE,0.09644,0.15299,2.73650,,,,,0.37576
spam,3556,0.1,0.1,1,0,200,42,90,128,2408,5,2408,5,0.040583601546173,SATISFIABLE,10.33085,900.05017,912.60840,OPTIMUM,9.97091,335.22036,400.95008,OPTIMUM,9.72205,354.24462,419.39826,1602.0733799999998
spam,3556,0.1,0.1,1,1,200,42,90,128,0,0,,,,SATISFIABLE,10.33085,900.05017,912.60840,UNSATISFIABLE,9.89120,256.91080,322.91963,,,,,1169.5192
target,3556,0.1,0.1,1,0,41,0,36,0,624,5,624,10,0.764111219987041,OPTIMUM,0.82122,3.18685,4.29293,OPTIMUM,0.80456,15.87415,23.66886,OPTIMUM,0.85885,3.76840,11.52607,23.93548
target,3556,0.1,0.1,1,1,41,0,36,0,630,11,630,11,0.670012235778280,OPTIMUM,0.82122,3.18685,4.29293,OPTIMUM,0.85537,6.91922,14.56121,OPTIMUM,0.84368,5.69260,13.15949,16.90475
target,3556,0.1,0.1,1,2,41,0,36,0,635,12,635,15,0.812098123677446,OPTIMUM,0.82122,3.18685,4.29293,OPTIMUM,0.96120,6.16308,13.82390,OPTIMUM,0.83055,3.61146,11.19162,14.06747
target,3556,0.1,0.1,1,3,41,0,36,0,643,16,643,16,0.850021134306508,OPTIMUM,0.82122,3.18685,4.29293,OPTIMUM,0.82724,5.34932,12.95384,OPTIMUM,0.81952,2.76183,10.39278,12.40408
target,3556,0.1,0.1,1,4,41,0,36,0,644,17,644,17,0.775790632101388,OPTIMUM,0.82122,3.18685,4.29293,OPTIMUM,0.83530,8.10545,15.56419,OPTIMUM,0.96791,2.82759,10.44900,15.22597
target,3556,0.1,0.1,1,5,41,0,36,0,650,18,650,164,1.000000000000000,OPTIMUM,0.82122,3.18685,4.29293,OPTIMUM,0.82029,4.86043,12.48143,OPTIMUM,0.81442,2.24897,9.84661,11.40233
target,3556,0.1,0.1,1,6,41,0,36,0,0,0,,,,OPTIMUM,0.82122,3.18685,4.29293,UNSATISFIABLE,0.82052,4.87467,12.51713,,,,,9.1676
wine,3556,0.1,0.1,1,0,3,0,14,0,1178,0,1178,71,0.716144238263773,OPTIMUM,0.11705,0.15292,0.30126,OPTIMUM,0.12179,0.50596,3.20540,OPTIMUM,0.12453,0.40983,3.12022,1.21705
wine,3556,0.1,0.1,1,1,3,0,14,0,0,0,,,,OPTIMUM,0.11705,0.15292,0.30126,UNSATISFIABLE,0.12439,0.15544,2.81335,,,,,0.4567
wingnut,3556,0.1,0.1,1,0,55,0,46,0,1094,11,1094,67,1.000000000000000,OPTIMUM,0.19229,0.20239,0.45211,OPTIMUM,0.20467,0.62268,21.55324,OPTIMUM,0.19015,0.26242,21.26312,1.3372100000000002
wingnut,3556,0.1,0.1,1,1,55,0,46,0,0,0,,,,OPTIMUM,0.19229,0.20239,0.45211,UNSATISFIABLE,0.19205,0.25816,21.20690,,,,,0.71027
chainlink,3556,0.1,0.25,1,0,119,1,128,2,989,3,989,4,0.898602527011777,OPTIMUM,0.20786,14.60882,14.87769,OPTIMUM,0.21539,0.89497,3.46810,OPTIMUM,0.19769,1.41682,3.97059,17.18948
chainlink,3556,0.1,0.25,1,1,119,1,128,2,0,0,,,,OPTIMUM,0.20786,14.60882,14.87769,UNSATISFIABLE,0.19887,0.80340,3.58801,,,,,15.68109
glass,3556,0.1,0.25,1,0,7,0,46,0,1070,5,1070,15,0.179668539065880,OPTIMUM,0.32983,0.50533,0.91344,OPTIMUM,0.33269,22.74825,23.41648,OPTIMUM,0.34923,16.91070,17.61183,40.57239
glass,3556,0.1,0.25,1,1,7,0,46,0,1100,16,1100,18,0.319781903728096,OPTIMUM,0.32983,0.50533,0.91344,OPTIMUM,0.31593,82.26258,82.96871,OPTIMUM,0.30809,74.45980,75.12107,157.63582
glass,3556,0.1,0.25,1,2,7,0,46,0,1118,19,1118,19,0.185919152228341,OPTIMUM,0.32983,0.50533,0.91344,OPTIMUM,0.34623,49.94883,50.63675,OPTIMUM,0.30347,110.45986,111.15166,161.32213000000002
glass,3556,0.1,0.25,1,3,7,0,46,0,1127,25,1127,25,0.182532194566676,OPTIMUM,0.32983,0.50533,0.91344,OPTIMUM,0.30249,77.99570,78.64546,OPTIMUM,0.35689,51.01618,51.71220,129.92532
glass,3556,0.1,0.25,1,4,7,0,46,0,1151,26,1151,26,0.175393340540015,OPTIMUM,0.32983,0.50533,0.91344,OPTIMUM,0.30302,91.66124,92.34645,OPTIMUM,0.30205,149.43478,150.08262,242.00946
glass,3556,0.1,0.25,1,5,7,0,46,0,1157,27,1157,29,0.193919138102572,OPTIMUM,0.32983,0.50533,0.91344,OPTIMUM,0.34919,82.23774,82.92882,OPTIMUM,0.33051,99.39985,100.13355,182.55103
glass,3556,0.1,0.25,1,6,7,0,46,0,1170,30,1170,30,0.306218735938938,OPTIMUM,0.32983,0.50533,0.91344,OPTIMUM,0.31196,87.54959,88.19728,OPTIMUM,0.34942,102.70847,103.39825,191.17149999999998
glass,3556,0.1,0.25,1,7,7,0,46,0,0,0,,,,OPTIMUM,0.32983,0.50533,0.91344,UNSATISFIABLE,0.36093,0.27977,0.98292,,,,,1.19321
ionosphere,3556,0.1,0.25,1,0,54,0,33,0,3565,28,3565,28,0.428969174676831,OPTIMUM,0.36861,32.24788,32.69451,OPTIMUM,0.38715,361.61562,362.29072,OPTIMUM,0.39039,71.87576,72.52559,466.18589
ionosphere,3556,0.1,0.25,1,1,54,0,33,0,3571,56,3571,56,0.434950304109183,OPTIMUM,0.36861,32.24788,32.69451,OPTIMUM,0.38859,137.32682,137.97051,OPTIMUM,0.38645,270.59531,271.23992,440.61663999999996
ionosphere,3556,0.1,0.25,1,2,54,0,33,0,3573,115,3573,131,0.446365674031380,OPTIMUM,0.36861,32.24788,32.69451,OPTIMUM,0.38227,134.69355,135.34138,OPTIMUM,0.38342,167.10262,167.74054,334.49068
ionosphere,3556,0.1,0.25,1,3,54,0,33,0,0,0,,,,OPTIMUM,0.36861,32.24788,32.69451,UNSATISFIABLE,0.38016,32.51616,33.14898,,,,,65.21067
iris,3556,0.1,0.25,1,0,15,0,22,0,755,2,755,23,0.941012256292421,OPTIMUM,0.06358,0.07584,0.16002,OPTIMUM,0.05876,0.11394,0.58531,OPTIMUM,0.06728,0.10914,0.57092,0.3831
iris,3556,0.1,0.25,1,1,15,0,22,0,807,26,807,26,0.743682631943236,OPTIMUM,0.06358,0.07584,0.16002,OPTIMUM,0.06615,0.17684,0.64116,OPTIMUM,0.06639,0.11634,0.57005,0.4532
iris,3556,0.1,0.25,1,2,15,0,22,0,966,28,966,28,0.554073554668049,OPTIMUM,0.06358,0.07584,0.16002,OPTIMUM,0.06741,0.17030,0.67017,OPTIMUM,0.06694,0.16645,0.62663,0.49677
iris,3556,0.1,0.25,1,3,15,0,22,0,0,0,,,,OPTIMUM,0.06358,0.07584,0.16002,UNSATISFIABLE,0.06661,0.07400,0.52826,,,,,0.23402
lsun,3556,0.1,0.25,1,0,42,0,58,0,854,4,854,13,0.884523795419811,OPTIMUM,0.10660,0.85120,1.00213,OPTIMUM,0.11161,1.28713,3.01853,OPTIMUM,0.16932,0.36913,2.15901,2.6583900000000003
lsun,3556,0.1,0.25,1,1,42,0,58,0,880,14,880,20,0.937205299508807,OPTIMUM,0.10660,0.85120,1.00213,OPTIMUM,0.11161,0.25401,2.04812,OPTIMUM,0.10949,0.30598,2.04659,1.56212
lsun,3556,0.1,0.25,1,2,42,0,58,0,903,24,903,37,0.968252048157404,OPTIMUM,0.10660,0.85120,1.00213,OPTIMUM,0.11128,0.20162,1.99899,OPTIMUM,0.11414,0.42094,2.21440,1.6246899999999997
lsun,3556,0.1,0.25,1,3,42,0,58,0,923,39,923,104,1.000000000000000,OPTIMUM,0.10660,0.85120,1.00213,OPTIMUM,0.10932,0.15894,1.88558,OPTIMUM,0.11030,0.45989,2.24090,1.6209600000000002
lsun,3556,0.1,0.25,1,4,42,0,58,0,0,0,,,,OPTIMUM,0.10660,0.85120,1.00213,UNSATISFIABLE,0.11059,0.14301,1.88245,,,,,1.14514
seeds,3556,0.1,0.25,1,0,8,0,44,0,971,21,971,60,0.749684327889262,OPTIMUM,0.11487,0.24158,0.38291,OPTIMUM,0.11729,0.48139,1.75093,OPTIMUM,0.09406,0.25888,1.52373,1.12318
seeds,3556,0.1,0.25,1,1,8,0,44,0,0,0,,,,OPTIMUM,0.11487,0.24158,0.38291,UNSATISFIABLE,0.09379,0.15149,1.36374,,,,,0.5344
spam,3556,0.1,0.25,1,0,481,127,342,200,2432,2,2432,6,0.406643940951381,SATISFIABLE,9.93991,900.05065,912.29317,OPTIMUM,10.25683,336.39937,376.68114,OPTIMUM,9.82753,331.73054,371.73133,1580.42308
spam,3556,0.1,0.25,1,1,481,127,342,200,0,0,,,,SATISFIABLE,9.93991,900.05065,912.29317,UNSATISFIABLE,9.89121,84.71744,124.85157,,,,,997.01061
target,3556,0.1,0.25,1,0,98,0,94,0,643,0,643,15,0.887807563162311,OPTIMUM,0.80447,3.24528,4.33616,OPTIMUM,0.80516,6.56649,11.52472,OPTIMUM,0.87030,1.49618,6.38610,12.39883
target,3556,0.1,0.25,1,1,98,0,94,0,644,16,644,16,0.916401851147785,OPTIMUM,0.80447,3.24528,4.33616,OPTIMUM,0.84598,6.13584,10.99825,OPTIMUM,1.00885,1.07388,6.05889,11.54588
target,3556,0.1,0.25,1,2,98,0,94,0,646,17,646,17,0.943493279297706,OPTIMUM,0.80447,3.24528,4.33616,OPTIMUM,0.85570,3.65160,8.46712,OPTIMUM,0.82704,1.54619,6.52059,9.533949999999999
target,3556,0.1,0.25,1,3,98,0,94,0,650,22,650,164,1.000000000000000,OPTIMUM,0.80447,3.24528,4.33616,OPTIMUM,0.83488,3.45238,8.22646,OPTIMUM,0.84303,1.07246,5.88704,8.860999999999999
target,3556,0.1,0.25,1,4,98,0,94,0,0,0,,,,OPTIMUM,0.80447,3.24528,4.33616,UNSATISFIABLE,0.82209,5.67138,10.57903,,,,,10.007539999999999
wine,3556,0.1,0.25,1,0,10,0,34,0,1178,4,1178,71,0.846206536677345,OPTIMUM,0.12468,0.34104,0.50148,OPTIMUM,0.12827,0.57786,1.83074,OPTIMUM,0.13222,0.51761,1.73661,1.59695
wine,3556,0.1,0.25,1,1,10,0,34,0,0,0,,,,OPTIMUM,0.12468,0.34104,0.50148,UNSATISFIABLE,0.13309,0.13506,1.39206,,,,,0.6365400000000001
wingnut,3556,0.1,0.25,1,0,131,0,123,0,1094,67,1094,67,1.000000000000000,OPTIMUM,0.20598,0.19257,0.45586,OPTIMUM,0.19689,0.20325,5.50821,OPTIMUM,0.18376,0.18616,5.23202,0.84527
wingnut,3556,0.1,0.25,1,1,131,0,123,0,0,0,,,,OPTIMUM,0.20598,0.19257,0.45586,UNSATISFIABLE,0.18191,0.17972,5.21597,,,,,0.63558
chainlink,3556,0.1,0.5,1,0,244,5,248,3,989,4,989,4,0.933089054493885,OPTIMUM,0.21055,53.40511,53.67982,OPTIMUM,0.21869,0.93066,3.51477,OPTIMUM,0.19616,0.70363,3.27253,55.31411
chainlink,3556,0.1,0.5,1,1,244,5,248,3,0,0,,,,OPTIMUM,0.21055,53.40511,53.67982,UNSATISFIABLE,0.19417,0.33249,3.13726,,,,,54.01231
ionosphere,3556,0.1,0.5,1,0,105,4,62,4,3573,99,3573,99,0.589178203988314,SATISFIABLE,0.36623,900.01246,900.46772,OPTIMUM,0.37755,93.60701,94.25368,OPTIMUM,0.42980,57.19781,57.89663,1051.27254
ionosphere,3556,0.1,0.5,1,1,105,4,62,4,0,0,,,,SATISFIABLE,0.36623,900.01246,900.46772,UNSATISFIABLE,0.37598,0.38829,1.03751,,,,,900.85601
iris,3556,0.1,0.5,1,0,23,0,52,0,755,23,755,23,0.941012256292421,OPTIMUM,0.05626,0.07692,0.15584,OPTIMUM,0.05947,0.09147,0.52495,OPTIMUM,0.09401,0.09374,0.55730,0.34105
iris,3556,0.1,0.5,1,1,23,0,52,0,0,0,,,,OPTIMUM,0.05626,0.07692,0.15584,UNSATISFIABLE,0.06556,0.08843,0.52663,,,,,0.24427
lsun,3556,0.1,0.5,1,0,79,0,121,0,917,4,917,4,0.960265549464264,OPTIMUM,0.10297,0.26455,0.40943,OPTIMUM,0.10635,0.79839,1.34556,OPTIMUM,0.11125,0.13907,0.69463,1.3468900000000001
lsun,3556,0.1,0.5,1,1,79,0,121,0,923,7,923,104,1.000000000000000,OPTIMUM,0.10297,0.26455,0.40943,OPTIMUM,0.15498,0.78887,1.38770,OPTIMUM,0.10856,0.11790,0.66562,1.3161999999999998
lsun,3556,0.1,0.5,1,2,79,0,121,0,0,0,,,,OPTIMUM,0.10297,0.26455,0.40943,UNSATISFIABLE,0.10830,0.12332,0.67439,,,,,0.5327500000000001
seeds,3556,0.1,0.5,1,0,19,0,86,0,1013,18,1013,21,0.692669618793379,OPTIMUM,0.11283,0.50616,0.63902,OPTIMUM,0.12316,0.86602,2.04899,OPTIMUM,0.09546,0.26879,1.44008,1.7738300000000002
seeds,3556,0.1,0.5,1,1,19,0,86,0,0,0,,,,OPTIMUM,0.11283,0.50616,0.63902,UNSATISFIABLE,0.14022,0.85178,2.05521,,,,,1.4908000000000001
spam,3556,0.1,0.5,1,0,988,224,647,441,2432,9,2432,11,0.409705496398527,SATISFIABLE,10.22586,900.05224,912.58073,OPTIMUM,9.89124,170.07847,207.94778,OPTIMUM,9.66404,179.74264,217.46267,1262.40184
spam,3556,0.1,0.5,1,1,988,224,647,441,0,0,,,,SATISFIABLE,10.22586,900.05224,912.58073,UNSATISFIABLE,9.51047,52.49274,90.24229,,,,,965.07347
target,3556,0.1,0.5,1,0,199,0,186,0,646,1,646,4,0.975181064780669,OPTIMUM,0.81305,3.29465,4.40463,OPTIMUM,0.78661,4.89672,9.89957,OPTIMUM,0.84625,1.37616,6.22187,10.67751
target,3556,0.1,0.5,1,1,199,0,186,0,649,13,649,13,0.997531859876431,OPTIMUM,0.81305,3.29465,4.40463,OPTIMUM,0.84091,10.23739,15.06864,OPTIMUM,0.82340,0.80595,5.78903,15.447969999999998
target,3556,0.1,0.5,1,2,199,0,186,0,650,164,650,164,1.000000000000000,OPTIMUM,0.81305,3.29465,4.40463,OPTIMUM,0.84704,3.45460,8.28734,OPTIMUM,0.82685,0.78039,5.59430,8.63962
target,3556,0.1,0.5,1,3,199,0,186,0,0,0,,,,OPTIMUM,0.81305,3.29465,4.40463,UNSATISFIABLE,0.82827,3.28198,8.10033,,,,,7.68661
wine,3556,0.1,0.5,1,0,27,0,62,0,1178,1,1178,71,0.882469034575786,OPTIMUM,0.11691,0.82727,0.97906,OPTIMUM,0.12832,0.56460,0.97017,OPTIMUM,0.13411,0.41503,0.79835,1.95869
wine,3556,0.1,0.5,1,1,27,0,62,0,0,0,,,,OPTIMUM,0.11691,0.82727,0.97906,UNSATISFIABLE,0.13301,0.09947,0.48274,,,,,1.07853
wingnut,3556,0.1,0.5,1,0,256,0,252,0,1094,3,1094,67,1.000000000000000,OPTIMUM,0.19626,0.17694,0.42824,OPTIMUM,0.19535,0.20801,4.64900,OPTIMUM,0.18026,0.16649,4.35101,0.80274
wingnut,3556,0.1,0.5,1,1,256,0,252,0,0,0,,,,OPTIMUM,0.19626,0.17694,0.42824,UNSATISFIABLE,0.18008,0.16785,4.35073,,,,,0.59609
glass,3556,0.1,0.5,1,8,22,0,85,0,0,0,,,,OPTIMUM,0.32400,24.63973,25.05390,UNSATISFIABLE,0.33325,1.15847,1.82255,,,,,26.21237
glass,3556,0.1,0.5,1,7,22,0,85,0,1384,21,1384,21,0.138640534403800,OPTIMUM,0.32400,24.63973,25.05390,OPTIMUM,0.29643,369.90539,370.57579,OPTIMUM,0.29520,174.47704,175.10361,569.43633
glass,3556,0.1,0.5,1,6,22,0,85,0,1274,16,1274,20,0.203593975172779,OPTIMUM,0.32400,24.63973,25.05390,OPTIMUM,0.29864,679.43587,680.06562,OPTIMUM,0.34319,791.42503,792.10847,1495.9148
glass,3556,0.1,0.5,1,5,22,0,85,0,1257,15,1257,15,0.193928080822200,OPTIMUM,0.32400,24.63973,25.05390,OPTIMUM,0.34115,998.26728,998.95329,OPTIMUM,0.29732,1527.12950,1527.79928,2550.45068
glass,3556,0.1,0.5,1,4,22,0,85,0,1241,14,1241,14,0.130302321335354,OPTIMUM,0.32400,24.63973,25.05390,OPTIMUM,0.29584,1508.39120,1509.06241,OPTIMUM,0.30150,430.41848,431.05426,1963.86358
glass,3556,0.1,0.5,1,3,22,0,85,0,1236,13,1236,13,0.200425716864922,OPTIMUM,0.32400,24.63973,25.05390,OPTIMUM,0.29975,1801.52992,1802.16911,OPTIMUM,0.34343,2145.95218,2146.63584,3972.536
glass,3556,0.1,0.5,1,2,22,0,85,0,1198,11,1198,11,0.249201318647997,OPTIMUM,0.32400,24.63973,25.05390,OPTIMUM,0.34275,1539.13945,1539.82872,OPTIMUM,0.29844,744.29823,744.97660,2308.49158
glass,3556,0.1,0.5,1,1,22,0,85,0,1191,5,1191,9,0.262138748299742,OPTIMUM,0.32400,24.63973,25.05390,OPTIMUM,0.30481,2182.38994,2183.07473,OPTIMUM,0.30474,2293.16543,2293.81651,4500.60927
glass,3556,0.1,0.5,1,0,22,0,85,0,1157,4,1157,4,0.292083509365819,OPTIMUM,0.32400,24.63973,25.05390,OPTIMUM,0.33173,1240.65503,1241.33110,OPTIMUM,0.36038,699.97783,700.68312,1965.6867599999998
glass,3556,0.1,0.7,1,3,31,0,118,0,0,0,,,,OPTIMUM,0.33793,52.82420,53.24781,UNSATISFIABLE,0.29621,431.98906,432.50971,,,,,485.23687
glass,3556,0.1,0.7,1,2,31,0,118,0,1456,12,1456,14,0.258451071785359,OPTIMUM,0.33793,52.82420,53.24781,OPTIMUM,0.29801,4784.29929,4784.81800,OPTIMUM,0.33008,2268.83440,2269.38365,7106.3814999999995
glass,3556,0.1,0.7,1,1,31,0,118,0,1393,11,1393,11,0.285602334133493,OPTIMUM,0.33793,52.82420,53.24781,OPTIMUM,0.30147,2419.15344,2419.67930,OPTIMUM,0.34101,2244.96330,2245.53203,4717.36455
glass,3556,0.1,0.7,1,0,31,0,118,0,1338,10,1338,10,0.199320145881008,OPTIMUM,0.33793,52.82420,53.24781,OPTIMUM,0.32286,3438.90989,3439.45827,OPTIMUM,0.33742,935.36211,935.92113,4427.51981
glass,3556,0.1,1.0,1,1,43,4,166,1,0,0,,,,SATISFIABLE,0.32299,900.01656,900.43022,UNSATISFIABLE,0.30155,234.75215,235.24065,,,,,1135.18237
glass,3556,0.1,1.0,1,0,43,4,166,1,1479,10,1479,10,0.274060260164106,SATISFIABLE,0.32299,900.01656,900.43022,OPTIMUM,0.32514,1254.77538,1255.29371,OPTIMUM,0.30369,390.63251,391.16424,2545.83811
libras,3556,0.1,0.1,1,0,3,0,33,0,2185,3,0,0,,OPTIMUM,7.86669,25.17064,34.24819,SATISFIABLE,7.72616,5412.92896,5458.37003,UNKNOWN,7.69445,5411.82468,5457.28415,10859.001830000001
libras,3556,0.1,0.5,1,0,15,0,165,0,2402,9,0,0,,OPTIMUM,7.70113,64.36903,73.31111,SATISFIABLE,7.75404,5413.48062,5428.08937,UNKNOWN,7.72406,5413.26180,5427.88731,10900.053530000001
libras,3556,0.1,0.7,1,1,19,0,232,0,0,0,,,,OPTIMUM,8.03325,98.62337,107.91166,UNSATISFIABLE,7.67183,18.50264,27.95402,,,,,126.4143
libras,3556,0.1,0.7,1,0,19,0,232,0,3463,2,3463,138,0.149880804532247,OPTIMUM,8.03325,98.62337,107.91166,OPTIMUM,7.75011,998.79055,1008.20878,OPTIMUM,7.76646,2205.45520,2214.89702,3312.15741
libras,3556,0.1,0.25,1,0,7,0,83,0,2247,4,0,0,,OPTIMUM,7.89171,44.01313,53.10704,SATISFIABLE,7.72207,5412.68304,5443.66183,UNKNOWN,7.92482,5412.70718,5443.88946,10878.49726
libras,3556,0.1,1.0,1,0,32,0,328,0,0,0,,,,OPTIMUM,7.83294,162.52217,171.63422,UNKNOWN,7.65443,5413.03947,5422.32066,,,,,5584.67369
libras,3556,0.1,1.5,1,0,46,1,493,0,0,0,,,,SATISFIABLE,7.61969,900.03993,908.89590,UNKNOWN,7.72431,5412.93058,5422.32499,,,,,6321.82648
