data,seed,epsilon,kappa,cl_ml_ratio,p2_lm_b0,p2_lm_b1,p2_lm_loandra_status,p2_lm_solver_time,p2_lp_b0,p2_lp_b1,p2_lp_loandra_status,p2_lp_solver_time
chainlink,1732,0.1,0.7,1,989,9,OPTIMUM,0.19755,990,11,OPTIMUM,0.47752
glass,1732,0.1,0.7,1,0,0,UNKNOWN,900.01789,0,0,UNKNOWN,900.01565
ionosphere,1732,0.1,0.7,1,3577,76,OPTIMUM,7.65420,3577,76,OPTIMUM,11.73107
iris,1732,0.1,0.7,1,755,2,OPTIMUM,0.08851,1219,23,OPTIMUM,0.10645
libras,1732,0.1,0.7,1,3593,4,OPTIMUM,213.71492,3802,134,OPTIMUM,488.79072
lsun,1732,0.1,0.7,1,903,17,OPTIMUM,0.45003,1112,104,OPTIMUM,0.18750
seeds,1732,0.1,0.7,1,1083,8,OPTIMUM,0.78857,1679,8,OPTIMUM,1.86263
spam,1732,0.1,0.7,1,2432,9,OPTIMUM,167.26664,2432,9,OPTIMUM,167.55655
target,1732,0.1,0.7,1,646,4,OPTIMUM,4.25592,1000,164,OPTIMUM,3.56465
wine,1732,0.1,0.7,1,1259,11,OPTIMUM,14.85186,1275,71,OPTIMUM,0.35805
wingnut,1732,0.1,0.7,1,1094,67,OPTIMUM,0.19896,1261,67,OPTIMUM,0.20571
chainlink,1732,0.1,1.0,1,989,11,OPTIMUM,0.23722,990,11,OPTIMUM,0.32985
glass,1732,0.1,1.0,1,0,0,UNKNOWN,900.01378,0,0,UNKNOWN,900.01700
ionosphere,1732,0.1,1.0,1,3577,99,OPTIMUM,12.43208,3577,99,OPTIMUM,10.39111
iris,1732,0.1,1.0,1,755,11,OPTIMUM,0.14249,1219,23,OPTIMUM,0.12357
libras,1732,0.1,1.0,1,0,0,UNKNOWN,900.03940,3802,2,SATISFIABLE,900.04586
lsun,1732,0.1,1.0,1,923,62,OPTIMUM,0.43423,1112,104,OPTIMUM,0.18061
seeds,1732,0.1,1.0,1,1083,8,OPTIMUM,0.53237,1679,8,OPTIMUM,1.75371
spam,1732,0.1,1.0,1,2430,0,OPTIMUM,125.44854,2432,0,OPTIMUM,61.59332
target,1732,0.1,1.0,1,649,0,OPTIMUM,3.68370,1000,164,OPTIMUM,3.40979
wine,1732,0.1,1.0,1,1272,8,OPTIMUM,8.80340,1275,71,OPTIMUM,0.54525
wingnut,1732,0.1,1.0,1,1094,67,OPTIMUM,0.17146,1261,67,OPTIMUM,0.15497
chainlink,1732,0.1,1.5,1,989,11,OPTIMUM,0.22792,989,11,OPTIMUM,0.35239
glass,1732,0.1,1.5,1,1469,5,OPTIMUM,314.19113,1481,5,OPTIMUM,242.19479
ionosphere,1732,0.1,1.5,1,3577,99,OPTIMUM,9.93872,3577,99,OPTIMUM,10.09237
iris,1732,0.1,1.5,1,854,9,OPTIMUM,0.19424,1219,23,OPTIMUM,0.08358
libras,1732,0.1,1.5,1,0,0,UNKNOWN,900.01675,0,0,UNKNOWN,900.04204
lsun,1732,0.1,1.5,1,923,8,OPTIMUM,0.40686,1112,104,OPTIMUM,0.23792
seeds,1732,0.1,1.5,1,1083,18,OPTIMUM,0.37724,1679,18,OPTIMUM,0.32917
spam,1732,0.1,1.5,1,2429,0,OPTIMUM,115.60072,2432,0,OPTIMUM,89.04679
target,1732,0.1,1.5,1,649,0,OPTIMUM,6.89715,1000,164,OPTIMUM,6.68725
wine,1732,0.1,1.5,1,1275,8,OPTIMUM,1.06767,1275,71,OPTIMUM,0.53343
wingnut,1732,0.1,1.5,1,1094,67,OPTIMUM,0.17111,1261,67,OPTIMUM,0.15163
chainlink,1732,0.1,1.75,1,989,11,OPTIMUM,0.22808,989,11,OPTIMUM,0.26573
glass,1732,0.1,1.75,1,1471,6,OPTIMUM,90.88661,1481,6,OPTIMUM,208.68537
ionosphere,1732,0.1,1.75,1,3577,99,OPTIMUM,10.43334,3577,99,OPTIMUM,3.05733
iris,1732,0.1,1.75,1,854,9,OPTIMUM,0.11656,1219,23,OPTIMUM,0.09818
libras,1732,0.1,1.75,1,0,0,UNKNOWN,900.02662,0,0,UNKNOWN,900.04061
lsun,1732,0.1,1.75,1,923,2,OPTIMUM,0.13218,1112,104,OPTIMUM,0.12769
seeds,1732,0.1,1.75,1,1083,18,OPTIMUM,0.16933,1679,18,OPTIMUM,0.17403
spam,1732,0.1,1.75,1,2432,1,OPTIMUM,82.10973,2432,1,OPTIMUM,62.60292
target,1732,0.1,1.75,1,649,0,OPTIMUM,3.14655,1000,164,OPTIMUM,6.91128
wine,1732,0.1,1.75,1,1275,2,OPTIMUM,0.33809,1275,71,OPTIMUM,0.49110
wingnut,1732,0.1,1.75,1,1094,67,OPTIMUM,0.17725,1261,67,OPTIMUM,0.14716
chainlink,1732,0.1,2.0,1,989,11,OPTIMUM,0.20683,989,11,OPTIMUM,0.38224
glass,1732,0.1,2.0,1,1477,2,OPTIMUM,320.56639,1481,2,OPTIMUM,271.06596
ionosphere,1732,0.1,2.0,1,3577,99,OPTIMUM,7.75887,3577,99,OPTIMUM,10.05169
iris,1732,0.1,2.0,1,854,23,OPTIMUM,0.09551,1219,23,OPTIMUM,0.09344
libras,1732,0.1,2.0,1,0,0,UNKNOWN,900.01697,0,0,UNKNOWN,900.04087
lsun,1732,0.1,2.0,1,923,4,OPTIMUM,0.11535,1112,104,OPTIMUM,0.11172
seeds,1732,0.1,2.0,1,1047,18,OPTIMUM,0.14149,1679,18,OPTIMUM,0.15816
spam,1732,0.1,2.0,1,2429,6,OPTIMUM,83.96074,2432,6,OPTIMUM,66.46035
target,1732,0.1,2.0,1,650,5,OPTIMUM,2.82503,1000,164,OPTIMUM,2.77517
wine,1732,0.1,2.0,1,1275,71,OPTIMUM,0.27670,1275,71,OPTIMUM,0.32577
wingnut,1732,0.1,2.0,1,1094,67,OPTIMUM,0.14938,1261,67,OPTIMUM,0.15031
chainlink,1732,0.1,0.1,1,989,4,OPTIMUM,2.16133,990,17,OPTIMUM,1.14630
glass,1732,0.1,0.1,1,1109,1,OPTIMUM,4.33526,1481,51,OPTIMUM,3.32064
ionosphere,1732,0.1,0.1,1,3567,56,OPTIMUM,7.84571,3577,240,OPTIMUM,4.02220
iris,1732,0.1,0.1,1,755,2,OPTIMUM,0.14183,1219,36,OPTIMUM,0.20806
libras,1732,0.1,0.1,1,3135,1,OPTIMUM,69.75075,3802,138,OPTIMUM,79.86929
lsun,1732,0.1,0.1,1,733,2,OPTIMUM,0.70449,1112,104,OPTIMUM,3.82675
seeds,1732,0.1,0.1,1,896,1,OPTIMUM,0.19740,1679,67,OPTIMUM,0.55424
spam,1732,0.1,0.1,1,2429,6,OPTIMUM,315.33130,2432,6,OPTIMUM,312.23446
target,1732,0.1,0.1,1,632,3,OPTIMUM,2.72342,1000,164,OPTIMUM,3.24376
wine,1732,0.1,0.1,1,1178,4,OPTIMUM,0.23058,1275,71,OPTIMUM,0.24012
wingnut,1732,0.1,0.1,1,1094,67,OPTIMUM,0.31520,1261,67,OPTIMUM,2.05009
chainlink,1732,0.1,0.25,1,989,8,OPTIMUM,1.21563,990,11,OPTIMUM,1.54064
glass,1732,0.1,0.25,1,1109,1,OPTIMUM,38.30137,1481,29,OPTIMUM,9.86010
ionosphere,1732,0.1,0.25,1,3572,9,OPTIMUM,459.11137,3577,195,OPTIMUM,51.78030
iris,1732,0.1,0.25,1,755,10,OPTIMUM,0.10199,1219,24,OPTIMUM,0.15870
libras,1732,0.1,0.25,1,3135,2,OPTIMUM,80.07240,3802,138,OPTIMUM,126.76694
lsun,1732,0.1,0.25,1,880,9,OPTIMUM,0.20150,1112,104,OPTIMUM,0.49971
seeds,1732,0.1,0.25,1,903,14,OPTIMUM,0.24892,1679,67,OPTIMUM,0.55235
spam,1732,0.1,0.25,1,2430,0,OPTIMUM,405.35940,2432,0,OPTIMUM,176.30910
target,1732,0.1,0.25,1,642,4,OPTIMUM,6.91569,1000,164,OPTIMUM,3.41527
wine,1732,0.1,0.25,1,1178,0,OPTIMUM,0.72703,1275,71,OPTIMUM,0.31520
wingnut,1732,0.1,0.25,1,1094,67,OPTIMUM,0.24504,1261,67,OPTIMUM,0.42293
chainlink,1732,0.1,0.5,1,989,4,OPTIMUM,0.63808,990,11,OPTIMUM,0.85115
glass,1732,0.1,0.5,1,1481,5,SATISFIABLE,900.01415,1481,15,SATISFIABLE,900.01984
ionosphere,1732,0.1,0.5,1,3577,56,OPTIMUM,64.95714,3577,99,OPTIMUM,30.56903
iris,1732,0.1,0.5,1,755,2,OPTIMUM,0.09489,1219,23,OPTIMUM,0.12469
libras,1732,0.1,0.5,1,3593,21,OPTIMUM,192.51157,3802,134,OPTIMUM,219.68853
lsun,1732,0.1,0.5,1,903,5,OPTIMUM,0.22884,1112,104,OPTIMUM,0.24503
seeds,1732,0.1,0.5,1,1083,18,OPTIMUM,0.67488,1679,19,OPTIMUM,1.95206
spam,1732,0.1,0.5,1,2429,0,OPTIMUM,237.84518,2432,0,OPTIMUM,148.13038
target,1732,0.1,0.5,1,646,0,OPTIMUM,3.63589,1000,164,OPTIMUM,3.98538
wine,1732,0.1,0.5,1,1178,38,OPTIMUM,0.74803,1275,71,OPTIMUM,0.42425
wingnut,1732,0.1,0.5,1,1094,9,OPTIMUM,0.40788,1261,67,OPTIMUM,0.34889
