data,seed,e,kappa,cl_ml_ratio,pareto_index,ml_sat,ml_unsat,cl_sat,cl_unsat,lm_lambda_minus,lm_lambda_plus,lp_lambda_minus,lp_lambda_plus,ARI,p1_slvr_status,p1_clause_gen,p1_solver,p1_total,p2_lm_slvr_status,p2_lm_clause_gen,p2_lm_solver,p2_lm_total,p2_lp_slvr_status,p2_lp_clause_gen,p2_lp_solver,p2_lp_total,total_slvr_time
chainlink,2352,0.1,0.7,1,0,338,3,353,6,989,11,989,11,0.9564404109351772,OPTIMUM,0.22014,180.91115,181.17684,OPTIMUM,0.20992,0.32311,2.75465,OPTIMUM,0.19573,0.49184,2.90773,181.99179
glass,2352,0.1,0.7,1,0,33,0,116,0,1299,3,1299,3,0.36151469258720387,OPTIMUM,0.34067,94.21517,94.62996,OPTIMUM,0.33168,4621.25361,4621.82158,SATISFIABLE,0.34274,5413.04641,5413.63224,10128.92998
glass,2352,0.1,0.7,1,1,33,0,116,0,1340,8,1340,11,0.40641663954903734,OPTIMUM,0.34067,94.21517,94.62996,SATISFIABLE,0.30276,5412.69609,5413.24763,OPTIMUM,0.34499,1011.06550,1011.65238,6518.39155
glass,2352,0.1,0.7,1,2,33,0,116,0,1480,12,1480,12,0.3497901000862971,OPTIMUM,0.34067,94.21517,94.62996,SATISFIABLE,0.29926,5413.41278,5413.95495,OPTIMUM,0.33366,4845.08510,4845.66288,10353.127840000001
ionosphere,2352,0.1,0.7,1,0,129,10,97,9,3577,29,3577,29,0.701987224982257,SATISFIABLE,0.36486,900.01660,900.46483,OPTIMUM,0.38043,12.24097,12.86677,OPTIMUM,0.44257,56.50611,57.19689,969.21191
iris,2352,0.1,0.7,1,0,39,0,66,0,755,31,755,31,0.9602666666666667,OPTIMUM,0.05485,0.15058,0.22035,OPTIMUM,0.06170,0.15874,0.41994,OPTIMUM,0.06480,0.08064,0.37203,0.45972999999999997
libras,2352,0.1,0.7,1,0,14,0,237,0,3342,1,3342,68,0.10928627074755153,OPTIMUM,7.94751,65.29960,74.48343,OPTIMUM,7.68343,229.45769,238.84478,OPTIMUM,7.75366,824.33262,833.80495,1128.27374
lsun,2352,0.1,0.7,1,0,95,0,185,0,923,4,923,104,1.0,OPTIMUM,0.10743,0.22319,0.37178,OPTIMUM,0.10282,0.95564,1.78569,OPTIMUM,0.10803,0.14323,0.99401,1.47065
seeds,2352,0.1,0.7,1,0,36,0,111,0,991,33,991,67,0.7999101266652312,OPTIMUM,0.11181,0.25278,0.39252,OPTIMUM,0.11768,0.27723,1.24524,OPTIMUM,0.09308,0.19624,1.13426,0.8659899999999999
spam,2352,0.1,0.7,1,0,1428,284,557,951,2432,17,2432,17,0.18932453234683888,SATISFIABLE,10.21995,900.02776,912.47145,OPTIMUM,10.24003,201.47103,241.21298,OPTIMUM,9.90049,179.85760,219.37709,1293.80008
target,2352,0.1,0.7,1,0,263,0,276,0,649,0,649,13,0.9875358499451712,OPTIMUM,0.90093,10.98106,12.17660,OPTIMUM,0.78905,3.64849,8.28410,OPTIMUM,0.84091,0.91050,5.45872,16.73559
target,2352,0.1,0.7,1,1,263,0,276,0,650,22,650,164,1.0,OPTIMUM,0.90093,10.98106,12.17660,OPTIMUM,0.84795,5.69607,10.24749,OPTIMUM,0.84574,0.80195,5.36269,18.67462
wine,2352,0.1,0.7,1,0,39,0,85,0,1217,4,1217,71,0.9191827219214919,OPTIMUM,0.11655,1.82304,1.96793,OPTIMUM,0.12174,9.53011,9.76594,OPTIMUM,0.15943,1.32257,1.59593,12.82061
wingnut,2352,0.1,0.7,1,0,337,0,374,0,1094,67,1094,67,1.0,OPTIMUM,0.19564,0.17219,0.42629,OPTIMUM,0.19627,0.29595,4.30853,OPTIMUM,0.18232,0.16329,3.89936,0.8855299999999999
chainlink,2352,0.1,1.0,1,0,483,4,503,10,989,9,989,9,0.9447286954995209,OPTIMUM,0.22001,166.59427,166.85799,OPTIMUM,0.21763,0.22029,2.69625,OPTIMUM,0.19946,0.40141,2.86137,167.47969
glass,2352,0.1,1.0,1,0,41,16,154,3,1474,1,1474,1,0.19151293148394105,SATISFIABLE,0.33986,900.01460,900.44126,SATISFIABLE,0.33390,5411.99652,5412.59305,SATISFIABLE,0.35516,5411.73984,5412.35276,11724.17762
ionosphere,2352,0.1,1.0,1,0,188,11,126,26,3577,9,3577,28,0.6819763749523688,SATISFIABLE,0.37552,900.01248,900.47464,OPTIMUM,0.38206,7.66066,8.31697,OPTIMUM,0.43023,51.52697,52.22398,959.66227
iris,2352,0.1,1.0,1,0,59,0,91,0,755,31,755,31,0.9410122562924206,OPTIMUM,0.05655,0.15969,0.22947,OPTIMUM,0.05953,0.11194,0.34853,OPTIMUM,0.06531,0.06971,0.34733,0.41112
libras,2352,0.1,1.0,1,0,18,0,342,0,3342,4,3342,68,0.17795629347725364,OPTIMUM,7.78220,96.78144,105.78526,OPTIMUM,7.77695,1295.21407,1304.73425,OPTIMUM,7.80908,1482.56853,1492.14533,2883.56786
lsun,2352,0.1,1.0,1,0,139,0,261,0,923,7,923,104,1.0,OPTIMUM,0.10451,0.21563,0.36607,OPTIMUM,0.10754,0.19800,0.97199,OPTIMUM,0.11091,0.12494,0.91155,0.6890100000000001
seeds,2352,0.1,1.0,1,0,66,0,144,0,1058,20,1058,20,0.8379446445480809,OPTIMUM,0.11400,0.34738,0.47989,OPTIMUM,0.11792,0.59479,1.19744,OPTIMUM,0.09375,0.23584,0.82352,1.3105200000000001
spam,2352,0.1,1.0,1,0,2002,466,1388,745,2432,0,2432,0,0.4378075488226797,SATISFIABLE,10.64339,900.06125,912.89387,OPTIMUM,10.14845,72.16627,110.85954,OPTIMUM,9.60508,142.75302,180.94326,1127.8131600000002
target,2352,0.1,1.0,1,0,378,0,392,0,650,164,650,164,1.0,OPTIMUM,0.82068,2.95521,4.06931,OPTIMUM,0.81739,3.11811,7.61963,OPTIMUM,0.86482,0.85294,5.24008,8.04036
wine,2352,0.1,1.0,1,0,64,0,114,0,1217,44,1217,71,0.953758678715148,OPTIMUM,0.11717,0.78186,0.93188,OPTIMUM,0.12282,0.80059,1.01748,OPTIMUM,0.15892,0.75869,1.01534,2.4911600000000003
wingnut,2352,0.1,1.0,1,0,483,0,533,0,1094,67,1094,67,1.0,OPTIMUM,0.20192,0.16212,0.42141,OPTIMUM,0.19629,0.28389,2.89509,OPTIMUM,0.41920,0.15381,2.99098,0.85911
chainlink,2352,0.1,1.5,1,0,734,9,743,14,989,11,989,11,0.9564404053483773,OPTIMUM,0.21753,655.42147,655.68672,OPTIMUM,0.21070,0.23078,2.74317,OPTIMUM,0.19483,0.37970,2.88140,656.2972
glass,2352,0.1,1.5,1,0,59,27,225,10,1477,5,1477,5,0.22215212262767353,SATISFIABLE,0.34895,900.01491,900.45125,OPTIMUM,0.33435,395.37969,395.89605,OPTIMUM,0.31863,319.81652,320.36888,1615.64746
ionosphere,2352,0.1,1.5,1,0,256,27,215,28,3577,28,3577,28,0.7419191638124244,SATISFIABLE,0.36685,900.01466,900.46828,OPTIMUM,0.38182,6.11114,6.78967,OPTIMUM,0.44975,13.13968,13.88523,919.7191
iris,2352,0.1,1.5,1,0,89,0,136,0,755,31,755,31,0.9602666666666667,OPTIMUM,0.05902,0.13921,0.21143,OPTIMUM,0.06304,0.08124,0.28160,OPTIMUM,0.06482,0.08308,0.29020,0.37575
lsun,2352,0.1,1.5,1,0,226,0,374,0,923,104,923,104,1.0,OPTIMUM,0.10658,0.23801,0.38693,OPTIMUM,0.10380,0.14438,0.67753,OPTIMUM,0.10708,0.12347,0.65572,0.6547799999999999
seeds,2352,0.1,1.5,1,0,103,1,210,1,1058,18,1058,18,0.9574514546715559,OPTIMUM,0.11474,3.40728,3.55114,OPTIMUM,0.12436,0.24463,0.66679,OPTIMUM,0.09645,0.21297,0.59892,4.00874
spam,2352,0.1,1.5,1,0,2559,1098,2182,1062,2430,6,2430,6,0.3453543089850507,SATISFIABLE,10.22620,900.06842,912.55707,OPTIMUM,10.04581,66.32225,105.59616,OPTIMUM,9.68354,122.97188,161.92370,1101.8512
target,2352,0.1,1.5,1,0,577,0,578,0,650,4,650,164,1.0,OPTIMUM,0.83370,2.32399,3.45141,OPTIMUM,0.79810,3.71436,7.90523,OPTIMUM,0.69730,1.06219,4.99540,8.22796
wine,2352,0.1,1.5,1,0,94,0,173,0,1275,71,1275,71,0.9832438583647054,OPTIMUM,0.12121,0.69462,0.84588,OPTIMUM,0.12160,0.53341,0.75774,OPTIMUM,0.15726,0.43435,0.68538,1.8136400000000001
wingnut,2352,0.1,1.5,1,0,731,0,793,0,1094,67,1094,67,1.0,OPTIMUM,0.19786,0.15745,0.41228,OPTIMUM,0.19685,0.15807,2.15092,OPTIMUM,0.18058,0.15052,2.11454,0.7208699999999999
chainlink,2352,0.1,1.75,1,0,856,11,866,17,989,11,989,11,0.9564404053483773,SATISFIABLE,0.21655,900.01596,900.28105,OPTIMUM,0.21678,0.22106,2.75135,OPTIMUM,0.20017,0.28651,2.80918,900.78862
glass,2352,0.1,1.75,1,0,55,41,271,7,1478,3,1478,3,0.24936016262536023,SATISFIABLE,0.33982,900.01766,900.45321,OPTIMUM,0.33149,164.70687,165.24169,OPTIMUM,0.31409,204.46348,205.02322,1269.62356
ionosphere,2352,0.1,1.75,1,0,303,22,251,38,3577,99,3577,99,0.792215031749008,SATISFIABLE,0.37796,900.01284,900.48270,OPTIMUM,0.38598,6.17106,6.84629,OPTIMUM,0.43678,11.21165,11.93744,917.86541
iris,2352,0.1,1.75,1,0,101,0,161,0,854,31,854,31,0.97993200471804,OPTIMUM,0.05668,0.08375,0.16335,OPTIMUM,0.06084,0.07829,0.26466,OPTIMUM,0.06540,0.06794,0.26442,0.30957999999999997
lsun,2352,0.1,1.75,1,0,260,0,440,0,923,13,923,104,1.0,OPTIMUM,0.10656,0.18730,0.33626,OPTIMUM,0.10474,0.12614,0.66073,OPTIMUM,0.10936,0.10849,0.64569,0.57089
seeds,2352,0.1,1.75,1,0,119,2,244,2,1058,18,1058,18,0.9574514546715559,OPTIMUM,0.11137,16.83999,16.98178,OPTIMUM,0.11873,0.25769,0.62236,OPTIMUM,0.09244,0.17675,0.52326,17.41622
spam,2352,0.1,1.75,1,0,2722,1544,2363,1422,2432,0,2432,0,0.26509497187369563,SATISFIABLE,10.17497,900.08651,912.58502,OPTIMUM,10.30151,73.96641,112.13473,OPTIMUM,9.90519,63.13595,100.95103,1049.68738
target,2352,0.1,1.75,1,0,669,0,678,0,650,7,650,164,1.0,OPTIMUM,0.82926,2.31851,3.44351,OPTIMUM,0.81013,2.76145,6.63970,OPTIMUM,0.70894,0.68240,4.30362,6.88736
wine,2352,0.1,1.75,1,0,107,0,204,0,1275,71,1275,71,0.9667411092064137,OPTIMUM,0.11528,1.37891,1.52563,OPTIMUM,0.12140,0.70748,0.93746,OPTIMUM,0.15685,0.66841,0.93265,2.9015199999999997
wingnut,2352,0.1,1.75,1,0,865,0,913,0,1094,67,1094,67,1.0,OPTIMUM,0.20206,0.16815,0.42785,OPTIMUM,0.19225,0.14437,1.93996,OPTIMUM,0.18080,0.14631,1.92462,0.7185299999999999
chainlink,2352,0.1,2.0,1,0,987,12,979,22,989,11,989,11,0.9603603263608347,SATISFIABLE,0.21861,900.01838,900.28519,OPTIMUM,0.21251,0.20437,2.75407,OPTIMUM,0.19493,0.32087,2.85996,900.81043
glass,2352,0.1,2.0,1,0,80,39,278,31,1477,9,1477,9,0.30539522133815167,SATISFIABLE,0.34522,900.01742,900.44954,OPTIMUM,0.33492,186.50972,187.03848,OPTIMUM,0.31180,67.87037,68.42131,1154.82963
ionosphere,2352,0.1,2.0,1,0,336,38,275,53,3577,174,3577,174,0.7417506201589632,SATISFIABLE,0.37059,900.01533,900.48403,OPTIMUM,0.37655,8.89713,9.57010,OPTIMUM,0.43053,2.87194,3.59998,912.2530999999999
iris,2352,0.1,2.0,1,0,114,0,186,0,854,31,854,31,0.97993200471804,OPTIMUM,0.05674,0.07787,0.14804,OPTIMUM,0.06134,0.07657,0.25644,OPTIMUM,0.06593,0.08305,0.27443,0.30766
lsun,2352,0.1,2.0,1,0,301,0,499,0,923,11,923,104,1.0,OPTIMUM,0.10564,0.19150,0.34038,OPTIMUM,0.10633,0.13478,0.66809,OPTIMUM,0.10784,0.10955,0.64601,0.5847100000000001
seeds,2352,0.1,2.0,1,0,141,4,273,2,1058,21,1058,21,0.9163891264676786,OPTIMUM,0.11193,99.02227,99.16046,OPTIMUM,0.11800,0.25562,0.60766,OPTIMUM,0.09397,0.13215,0.45531,99.54822999999999
spam,2352,0.1,2.0,1,0,4373,501,699,3629,2430,4,2430,4,0.05552513630777706,SATISFIABLE,10.49511,900.10437,912.88325,OPTIMUM,10.28057,48.25477,85.63025,OPTIMUM,9.97204,49.21575,86.27591,1010.3537699999999
target,2352,0.1,2.0,1,0,751,0,789,0,650,18,650,164,1.0,OPTIMUM,0.85418,2.37621,3.52546,OPTIMUM,0.79828,2.80033,6.58300,OPTIMUM,0.69716,0.67118,4.20058,6.996969999999999
wine,2352,0.1,2.0,1,0,126,0,230,0,1275,71,1275,71,1.0,OPTIMUM,0.11985,0.73790,0.89101,OPTIMUM,0.12494,0.50422,0.72791,OPTIMUM,0.15929,0.72552,0.98552,2.12075
wingnut,2352,0.1,2.0,1,0,990,0,1042,0,1094,67,1094,67,1.0,OPTIMUM,0.19614,0.15685,0.41329,OPTIMUM,0.19769,0.25067,2.06099,OPTIMUM,0.18195,0.15117,1.93264,0.81513
chainlink,2352,0.1,0.1,1,0,55,0,45,0,986,8,986,14,0.8722282482005461,OPTIMUM,0.21565,0.25203,0.50756,OPTIMUM,0.21396,3.29349,8.33364,OPTIMUM,0.44314,1.65375,6.91299,5.4548000000000005
chainlink,2352,0.1,0.1,1,1,55,0,45,0,989,16,989,17,0.9100259968160582,OPTIMUM,0.21565,0.25203,0.50756,OPTIMUM,0.19703,1.41105,6.41542,OPTIMUM,0.20038,1.47799,6.79789,3.3966
glass,2352,0.1,0.1,1,0,5,0,16,0,993,70,993,93,0.2541181990048,OPTIMUM,0.35346,1.12809,1.54930,OPTIMUM,0.33205,4.10921,5.83067,OPTIMUM,0.31156,1.50011,3.22535,7.15862
ionosphere,2352,0.1,0.1,1,0,15,0,20,0,3554,3,3554,102,0.26778552039865494,OPTIMUM,0.35904,6.56323,6.99921,OPTIMUM,0.37717,13.99743,14.97630,OPTIMUM,0.38596,34.83879,35.80005,55.83543
ionosphere,2352,0.1,0.1,1,1,15,0,20,0,3557,112,3557,112,0.32592495155798623,OPTIMUM,0.35904,6.56323,6.99921,OPTIMUM,0.38016,15.52642,16.47754,OPTIMUM,0.37811,13.27933,14.23536,35.80496
ionosphere,2352,0.1,0.1,1,2,15,0,20,0,3558,120,3558,158,0.18829798486000796,OPTIMUM,0.35904,6.56323,6.99921,OPTIMUM,0.37721,34.73012,35.74285,OPTIMUM,0.38109,36.95580,37.91355,78.68513
ionosphere,2352,0.1,0.1,1,3,15,0,20,0,3560,195,3560,195,0.37626262626262624,OPTIMUM,0.35904,6.56323,6.99921,OPTIMUM,0.37643,20.09126,21.04119,OPTIMUM,0.37880,24.26692,25.22040,51.357389999999995
ionosphere,2352,0.1,0.1,1,4,15,0,20,0,3566,199,3566,199,0.3806136871381024,OPTIMUM,0.35904,6.56323,6.99921,OPTIMUM,0.37527,21.02637,22.03028,OPTIMUM,0.37751,39.16519,40.12971,67.19077
ionosphere,2352,0.1,0.1,1,5,15,0,20,0,3567,201,3567,233,0.4168821948374664,OPTIMUM,0.35904,6.56323,6.99921,OPTIMUM,0.37896,17.73955,18.69893,OPTIMUM,0.37676,57.06738,58.02439,81.80614
ionosphere,2352,0.1,0.1,1,6,15,0,20,0,3569,240,3569,240,0.45525291828793774,OPTIMUM,0.35904,6.56323,6.99921,OPTIMUM,0.38046,45.00416,46.02271,OPTIMUM,0.38529,10.51590,11.47824,62.51927
iris,2352,0.1,0.1,1,0,6,0,9,0,755,10,755,36,0.7697436999841815,OPTIMUM,0.05672,0.11027,0.18201,OPTIMUM,0.06198,0.09901,0.73670,OPTIMUM,0.06779,0.10008,0.72230,0.3811
libras,2352,0.1,0.1,1,0,2,0,34,0,2862,2,2862,75,0.1398838727025693,OPTIMUM,7.78032,26.59216,35.58144,OPTIMUM,7.89870,81.48942,92.28435,OPTIMUM,8.02174,366.81614,377.73141,483.887
libras,2352,0.1,0.1,1,1,2,0,34,0,2992,77,2992,252,0.15723939524918318,OPTIMUM,7.78032,26.59216,35.58144,OPTIMUM,8.02159,124.35552,135.25851,OPTIMUM,7.99521,906.98021,917.85311,1066.9171700000002
libras,2352,0.1,0.1,1,2,2,0,34,0,3192,257,3192,257,0.19374566928796957,OPTIMUM,7.78032,26.59216,35.58144,OPTIMUM,7.82413,3213.75807,3224.42896,OPTIMUM,7.79249,194.60641,205.26548,3443.9459199999997
lsun,2352,0.1,0.1,1,0,9,0,31,0,829,2,829,2,0.536414344623112,OPTIMUM,0.10144,0.93865,1.06878,OPTIMUM,0.10386,1.72962,6.74030,OPTIMUM,0.10900,1.30678,6.33519,4.10518
lsun,2352,0.1,0.1,1,1,9,0,31,0,833,3,833,11,0.6129806367919721,OPTIMUM,0.10144,0.93865,1.06878,OPTIMUM,0.10921,0.35150,5.41164,OPTIMUM,0.10833,1.33981,6.43882,2.76009
lsun,2352,0.1,0.1,1,2,9,0,31,0,880,13,880,20,0.6911451445486503,OPTIMUM,0.10144,0.93865,1.06878,OPTIMUM,0.17260,1.87721,6.94650,OPTIMUM,0.16862,2.25590,7.39130,5.201890000000001
lsun,2352,0.1,0.1,1,3,9,0,31,0,914,23,914,25,0.9396670797591664,OPTIMUM,0.10144,0.93865,1.06878,OPTIMUM,0.10743,1.73468,6.75920,OPTIMUM,0.10866,2.07387,7.14734,4.877330000000001
lsun,2352,0.1,0.1,1,4,9,0,31,0,915,27,915,27,0.9551610561567656,OPTIMUM,0.10144,0.93865,1.06878,OPTIMUM,0.10842,1.68778,6.73201,OPTIMUM,0.10869,2.05638,7.09088,4.81294
lsun,2352,0.1,0.1,1,5,9,0,31,0,923,32,923,104,1.0,OPTIMUM,0.10144,0.93865,1.06878,OPTIMUM,0.10857,1.08437,6.21057,OPTIMUM,0.16050,2.13850,7.24186,4.291650000000001
seeds,2352,0.1,0.1,1,0,6,0,15,0,896,20,896,67,0.7187488933395766,OPTIMUM,0.11079,0.08428,0.21240,OPTIMUM,0.11929,0.19911,2.45392,OPTIMUM,0.09662,0.23772,2.52914,0.64923
spam,2352,0.1,0.1,1,0,183,61,179,37,2429,1,2429,1,0.39778105381534046,SATISFIABLE,10.63326,900.04945,912.73862,OPTIMUM,9.97918,349.63037,412.55973,OPTIMUM,9.63438,321.77658,383.98028,1584.14557
target,2352,0.1,0.1,1,0,41,0,36,0,644,2,644,15,0.8180992205207938,OPTIMUM,0.82221,3.30296,4.40791,OPTIMUM,0.79675,7.70202,12.53583,OPTIMUM,0.86654,1.61996,6.36927,13.729890000000001
target,2352,0.1,0.1,1,1,41,0,36,0,647,17,647,26,0.964064474954782,OPTIMUM,0.82221,3.30296,4.40791,OPTIMUM,0.85453,3.96117,8.70850,OPTIMUM,0.98647,1.15893,6.03779,9.52801
target,2352,0.1,0.1,1,2,41,0,36,0,650,28,650,164,1.0,OPTIMUM,0.82221,3.30296,4.40791,OPTIMUM,0.84280,4.09255,8.82293,OPTIMUM,0.84140,0.76532,5.65740,9.26578
wine,2352,0.1,0.1,1,0,9,0,8,0,1178,1,1178,71,0.717283077829415,OPTIMUM,0.11414,0.15667,0.29317,OPTIMUM,0.12195,0.17912,0.50856,OPTIMUM,0.12567,0.32807,0.61958,0.80036
wingnut,2352,0.1,0.1,1,0,55,0,46,0,1094,67,1094,67,1.0,OPTIMUM,0.19733,0.20586,0.46463,OPTIMUM,0.19465,0.43775,40.59248,OPTIMUM,0.18471,0.30246,40.24955,1.20484
chainlink,2352,0.1,0.25,1,0,125,1,123,1,989,17,989,17,0.9369608977955912,OPTIMUM,0.21057,7.88359,8.14932,OPTIMUM,0.21393,1.62066,6.86752,OPTIMUM,0.42527,1.48289,6.96050,11.25287
glass,2352,0.1,0.25,1,0,14,0,39,0,1122,22,1122,41,0.216751495695031,OPTIMUM,0.33916,6.44795,6.85687,OPTIMUM,0.33479,8.70681,9.27630,OPTIMUM,0.35331,33.59551,34.18124,49.159189999999995
ionosphere,2352,0.1,0.25,1,0,49,1,37,0,3576,2,3576,2,0.3472550564749146,SATISFIABLE,0.36037,900.01172,900.45130,SATISFIABLE,0.40921,5411.46232,5412.11541,SATISFIABLE,0.45188,5411.40069,5412.09885,11723.31431
iris,2352,0.1,0.25,1,0,16,0,21,0,755,9,755,36,0.8680377279943841,OPTIMUM,0.05557,0.07635,0.14760,OPTIMUM,0.05974,0.09368,0.61449,OPTIMUM,0.06510,0.08301,0.59197,0.32428999999999997
libras,2352,0.1,0.25,1,0,2,0,88,0,2862,6,2862,75,0.12845878839767402,OPTIMUM,7.90417,26.68665,35.81779,OPTIMUM,7.80644,85.20465,95.84252,OPTIMUM,7.75439,404.26241,414.90206,525.28485
libras,2352,0.1,0.25,1,1,2,0,88,0,2992,78,2992,221,0.21933810577051,OPTIMUM,7.90417,26.68665,35.81779,OPTIMUM,7.81552,212.81571,223.48955,OPTIMUM,7.62028,487.46865,497.95619,736.10215
lsun,2352,0.1,0.25,1,0,30,0,70,0,880,2,880,11,0.8603610970511013,OPTIMUM,0.10165,0.93988,1.08236,OPTIMUM,0.10642,0.53365,5.20590,OPTIMUM,0.11264,1.73070,6.42115,3.34671
lsun,2352,0.1,0.25,1,1,30,0,70,0,923,12,923,104,1.0,OPTIMUM,0.10165,0.93988,1.08236,OPTIMUM,0.11213,1.43662,6.18295,OPTIMUM,0.11107,2.07596,6.74892,4.594939999999999
seeds,2352,0.1,0.25,1,0,16,0,36,0,982,18,982,24,0.6481099954457722,OPTIMUM,0.10957,0.11413,0.24664,OPTIMUM,0.11826,0.24213,1.28023,OPTIMUM,0.10153,0.20674,1.26150,0.6955100000000001
seeds,2352,0.1,0.25,1,1,16,0,36,0,991,33,991,67,0.7764593658464315,OPTIMUM,0.10957,0.11413,0.24664,OPTIMUM,0.14072,0.21084,1.28396,OPTIMUM,0.09489,0.19226,1.21709,0.64974
spam,2352,0.1,0.25,1,0,465,153,401,131,2429,2,2429,2,0.4609000674268149,SATISFIABLE,11.13649,900.04787,913.31211,OPTIMUM,10.52070,261.87638,301.92469,OPTIMUM,10.21884,245.37818,285.21764,1420.56667
target,2352,0.1,0.25,1,0,100,0,92,0,646,1,646,5,0.9173073375172945,OPTIMUM,0.82423,6.15423,7.26278,OPTIMUM,0.79728,13.66946,18.40894,OPTIMUM,0.86786,3.29066,7.94421,24.2229
target,2352,0.1,0.25,1,1,100,0,92,0,647,7,647,13,0.9234947161734317,OPTIMUM,0.82423,6.15423,7.26278,OPTIMUM,0.84309,4.89423,9.53506,OPTIMUM,0.84265,1.44798,6.23688,13.604989999999999
target,2352,0.1,0.25,1,2,100,0,92,0,650,15,650,164,1.0,OPTIMUM,0.82423,6.15423,7.26278,OPTIMUM,0.69817,3.72071,8.36487,OPTIMUM,0.84263,1.15369,5.77825,12.13718
wine,2352,0.1,0.25,1,0,15,0,29,0,1178,7,1178,71,0.7374732581988714,OPTIMUM,0.12186,0.30470,0.45882,OPTIMUM,0.12340,0.39884,0.72484,OPTIMUM,0.12807,0.48816,0.78181,1.34582
wingnut,2352,0.1,0.25,1,0,132,0,122,0,1094,67,1094,67,1.0,OPTIMUM,0.20434,0.19421,0.45670,OPTIMUM,0.20352,0.46787,11.96994,OPTIMUM,0.18646,0.21556,11.44717,1.14013
chainlink,2352,0.1,0.5,1,0,257,0,236,7,989,9,989,9,0.9486245898252834,OPTIMUM,0.21496,74.30141,74.56791,OPTIMUM,0.21807,0.72038,3.27401,OPTIMUM,0.19830,0.71406,3.24931,76.00235
glass,2352,0.1,0.5,1,0,27,0,80,0,1167,1,1167,5,0.21573602880605997,OPTIMUM,0.34148,40.73143,41.14292,OPTIMUM,0.33528,1550.32976,1550.89762,OPTIMUM,0.35175,2248.89049,2249.47253,3840.3631700000005
glass,2352,0.1,0.5,1,1,27,0,80,0,1178,11,1178,11,0.4173016640217106,OPTIMUM,0.34148,40.73143,41.14292,OPTIMUM,0.31777,2332.12684,2332.67851,OPTIMUM,0.36187,3271.38370,3271.98062,5644.6534599999995
glass,2352,0.1,0.5,1,2,27,0,80,0,1199,13,1199,13,0.4341430025421754,OPTIMUM,0.34148,40.73143,41.14292,OPTIMUM,0.31117,787.85384,788.40517,OPTIMUM,0.36228,300.76901,301.36879,1129.76577
ionosphere,2352,0.1,0.5,1,0,95,6,65,9,3577,9,3577,9,0.49330520909757886,SATISFIABLE,0.36157,900.01237,900.46126,OPTIMUM,0.39119,199.42222,200.04978,OPTIMUM,0.44290,133.31695,133.99820,1233.2004299999999
iris,2352,0.1,0.5,1,0,31,0,44,0,755,29,755,31,0.9037675791580496,OPTIMUM,0.05425,0.07108,0.13878,OPTIMUM,0.06132,0.12558,0.38725,OPTIMUM,0.06629,0.08114,0.37836,0.3455
libras,2352,0.1,0.5,1,0,7,0,173,0,3342,18,3342,68,0.10651931905121129,OPTIMUM,7.84222,65.24249,74.34409,OPTIMUM,7.76444,124.41001,133.84857,OPTIMUM,7.73980,560.24984,569.68633,759.00394
lsun,2352,0.1,0.5,1,0,64,0,136,0,923,34,923,104,1.0,OPTIMUM,0.10572,0.22492,0.36630,OPTIMUM,0.10732,1.13005,2.02672,OPTIMUM,0.11124,0.23826,1.20436,1.73461
seeds,2352,0.1,0.5,1,0,25,0,80,0,991,21,991,67,0.8135505101528391,OPTIMUM,0.11359,0.28347,0.42503,OPTIMUM,0.11837,0.51549,1.52251,OPTIMUM,0.09774,0.24725,1.23254,1.18777
spam,2352,0.1,0.5,1,0,1026,209,635,430,2432,5,2432,5,0.4246275982205103,SATISFIABLE,10.35243,900.05314,912.60368,OPTIMUM,9.94687,320.27265,359.72759,OPTIMUM,9.66330,186.93252,226.40091,1419.8088500000001
target,2352,0.1,0.5,1,0,192,0,193,0,649,3,649,13,0.9877436186652178,OPTIMUM,0.82296,11.12915,12.23961,OPTIMUM,0.82645,13.82862,18.60192,OPTIMUM,0.88630,0.82531,5.51128,26.89354
target,2352,0.1,0.5,1,1,192,0,193,0,650,18,650,164,1.0,OPTIMUM,0.82296,11.12915,12.23961,OPTIMUM,0.87564,5.30823,9.98020,OPTIMUM,0.87907,0.75929,5.42999,18.30713
wine,2352,0.1,0.5,1,0,30,0,59,0,1178,7,1178,71,0.8791908099398843,OPTIMUM,0.11677,0.70429,0.84813,OPTIMUM,0.12219,1.01158,1.33224,OPTIMUM,0.12748,0.49024,0.79020,2.3499499999999998
wingnut,2352,0.1,0.5,1,0,245,0,263,0,1094,67,1094,67,1.0,OPTIMUM,0.19474,0.18833,0.44335,OPTIMUM,0.20124,0.28826,10.86610,OPTIMUM,0.18575,0.20264,10.61276,0.93425
