data,seed,e,kappa,cl_ml_ratio,p2_lm_b0,p2_lm_b1,p2_lm_loandra_status,p2_lm_solver_time,p2_lp_b0,p2_lp_b1,p2_lp_loandra_status,p2_lp_solver_time
chainlink,2352,0.1,0.7,1,989,11,OPTIMUM,0.33512,990,11,OPTIMUM,0.53592
ionosphere,2352,0.1,0.7,1,3577,29,OPTIMUM,12.21910,3577,29,OPTIMUM,47.02248
iris,2352,0.1,0.7,1,755,31,OPTIMUM,0.15979,1219,31,OPTIMUM,0.14206
libras,2352,0.1,0.7,1,3342,1,OPTIMUM,230.11076,3802,68,OPTIMUM,214.56402
lsun,2352,0.1,0.7,1,923,4,OPTIMUM,0.96151,1112,104,OPTIMUM,0.73796
seeds,2352,0.1,0.7,1,991,33,OPTIMUM,0.27969,1679,67,OPTIMUM,0.39189
spam,2352,0.1,0.7,1,2432,17,OPTIMUM,202.97921,2432,17,OPTIMUM,199.64461
target,2352,0.1,0.7,1,649,0,OPTIMUM,3.66602,1000,164,OPTIMUM,11.83549
wine,2352,0.1,0.7,1,1217,4,OPTIMUM,9.61752,1275,71,OPTIMUM,0.85177
wingnut,2352,0.1,0.7,1,1094,67,OPTIMUM,0.28671,1261,67,OPTIMUM,0.29833
chainlink,2352,0.1,1.0,1,989,9,OPTIMUM,0.21595,990,9,OPTIMUM,0.38726
ionosphere,2352,0.1,1.0,1,3577,9,OPTIMUM,7.76195,3577,28,OPTIMUM,27.50305
iris,2352,0.1,1.0,1,755,31,OPTIMUM,0.11457,1219,31,OPTIMUM,0.27085
lsun,2352,0.1,1.0,1,923,7,OPTIMUM,0.20682,1112,104,OPTIMUM,0.96179
seeds,2352,0.1,1.0,1,1058,20,OPTIMUM,0.58452,1679,20,OPTIMUM,0.79619
spam,2352,0.1,1.0,1,2432,0,OPTIMUM,72.75633,2432,0,OPTIMUM,128.40342
target,2352,0.1,1.0,1,650,164,OPTIMUM,3.14659,1000,164,OPTIMUM,2.17372
wine,2352,0.1,1.0,1,1217,44,OPTIMUM,0.81764,1275,71,OPTIMUM,0.81279
wingnut,2352,0.1,1.0,1,1094,67,OPTIMUM,0.28639,1261,67,OPTIMUM,0.16258
chainlink,2352,0.1,1.5,1,989,11,OPTIMUM,0.23389,990,11,OPTIMUM,0.31896
glass,2352,0.1,1.5,1,1477,5,OPTIMUM,392.75804,1481,5,OPTIMUM,356.92665
ionosphere,2352,0.1,1.5,1,3577,28,OPTIMUM,6.08668,3577,28,OPTIMUM,13.67423
iris,2352,0.1,1.5,1,755,31,OPTIMUM,0.07777,1219,31,OPTIMUM,0.07895
lsun,2352,0.1,1.5,1,923,104,OPTIMUM,0.14179,1112,104,OPTIMUM,0.11284
seeds,2352,0.1,1.5,1,1058,18,OPTIMUM,0.23604,1679,18,OPTIMUM,0.24577
spam,2352,0.1,1.5,1,2430,6,OPTIMUM,66.03517,2432,6,OPTIMUM,99.71510
target,2352,0.1,1.5,1,650,4,OPTIMUM,3.70074,1000,164,OPTIMUM,3.40828
wine,2352,0.1,1.5,1,1275,71,OPTIMUM,0.53191,1275,71,OPTIMUM,0.43514
wingnut,2352,0.1,1.5,1,1094,67,OPTIMUM,0.16035,1261,67,OPTIMUM,0.15795
chainlink,2352,0.1,1.75,1,989,11,OPTIMUM,0.22916,990,11,OPTIMUM,0.38038
glass,2352,0.1,1.75,1,1478,3,OPTIMUM,162.61226,1481,3,OPTIMUM,154.99871
ionosphere,2352,0.1,1.75,1,3577,99,OPTIMUM,6.11713,3577,99,OPTIMUM,9.52711
iris,2352,0.1,1.75,1,854,31,OPTIMUM,0.08222,1219,31,OPTIMUM,0.06749
lsun,2352,0.1,1.75,1,923,13,OPTIMUM,0.13075,1112,104,OPTIMUM,0.12689
seeds,2352,0.1,1.75,1,1058,18,OPTIMUM,0.26347,1679,18,OPTIMUM,0.24790
spam,2352,0.1,1.75,1,2432,0,OPTIMUM,73.34476,2432,0,OPTIMUM,67.74437
target,2352,0.1,1.75,1,650,7,OPTIMUM,2.77868,1000,164,OPTIMUM,2.91042
wine,2352,0.1,1.75,1,1275,71,OPTIMUM,0.70905,1275,71,OPTIMUM,0.66963
wingnut,2352,0.1,1.75,1,1094,67,OPTIMUM,0.15507,1261,67,OPTIMUM,0.14742
chainlink,2352,0.1,2.0,1,989,11,OPTIMUM,0.20095,990,11,OPTIMUM,0.30921
glass,2352,0.1,2.0,1,1477,9,OPTIMUM,191.19787,1481,9,OPTIMUM,62.14097
ionosphere,2352,0.1,2.0,1,3577,174,OPTIMUM,8.88009,3577,174,OPTIMUM,2.88924
iris,2352,0.1,2.0,1,854,31,OPTIMUM,0.07594,1219,31,OPTIMUM,0.08357
lsun,2352,0.1,2.0,1,923,11,OPTIMUM,0.12877,1112,104,OPTIMUM,0.11642
seeds,2352,0.1,2.0,1,1058,21,OPTIMUM,0.25471,1679,21,OPTIMUM,0.25053
spam,2352,0.1,2.0,1,2430,4,OPTIMUM,48.74982,2432,4,OPTIMUM,45.02822
target,2352,0.1,2.0,1,650,18,OPTIMUM,2.81345,1000,164,OPTIMUM,2.87354
wine,2352,0.1,2.0,1,1275,71,OPTIMUM,0.50577,1275,71,OPTIMUM,0.72097
wingnut,2352,0.1,2.0,1,1094,67,OPTIMUM,0.25289,1261,67,OPTIMUM,0.15168
chainlink,2352,0.1,0.1,1,986,8,OPTIMUM,3.30214,990,17,OPTIMUM,1.42972
glass,2352,0.1,0.1,1,993,70,OPTIMUM,4.15069,1481,93,OPTIMUM,4.42325
ionosphere,2352,0.1,0.1,1,3554,27,OPTIMUM,14.06909,3577,240,OPTIMUM,2.48384
iris,2352,0.1,0.1,1,755,10,OPTIMUM,0.13064,1219,36,OPTIMUM,0.23203
libras,2352,0.1,0.1,1,2862,2,OPTIMUM,81.26605,3802,257,OPTIMUM,343.60919
lsun,2352,0.1,0.1,1,829,2,OPTIMUM,1.75291,1112,104,OPTIMUM,3.95967
seeds,2352,0.1,0.1,1,896,20,OPTIMUM,0.19190,1679,67,OPTIMUM,1.00026
spam,2352,0.1,0.1,1,2429,1,OPTIMUM,344.71540,2432,1,OPTIMUM,309.82591
target,2352,0.1,0.1,1,644,2,OPTIMUM,7.64414,1000,164,OPTIMUM,2.75425
wine,2352,0.1,0.1,1,1178,1,OPTIMUM,0.17554,1275,71,OPTIMUM,0.21165
wingnut,2352,0.1,0.1,1,1094,67,OPTIMUM,0.47879,1261,67,OPTIMUM,6.39769
chainlink,2352,0.1,0.25,1,989,17,OPTIMUM,1.65680,990,17,OPTIMUM,1.51157
glass,2352,0.1,0.25,1,1122,22,OPTIMUM,9.01855,1481,41,OPTIMUM,6.07736
ionosphere,2352,0.1,0.25,1,0,0,UNKNOWN,900.01638,0,0,UNKNOWN,900.01486
iris,2352,0.1,0.25,1,755,9,OPTIMUM,0.09570,1219,36,OPTIMUM,0.13812
libras,2352,0.1,0.25,1,2862,6,OPTIMUM,84.74628,3802,221,OPTIMUM,278.10486
lsun,2352,0.1,0.25,1,880,2,OPTIMUM,0.54676,1112,104,OPTIMUM,3.06899
seeds,2352,0.1,0.25,1,982,18,OPTIMUM,0.23454,1679,67,OPTIMUM,0.62108
spam,2352,0.1,0.25,1,2429,2,OPTIMUM,262.82117,2432,2,OPTIMUM,254.53770
target,2352,0.1,0.25,1,646,1,OPTIMUM,13.62339,1000,164,OPTIMUM,2.91086
wine,2352,0.1,0.25,1,1178,7,OPTIMUM,0.39759,1275,71,OPTIMUM,0.33931
wingnut,2352,0.1,0.25,1,1094,67,OPTIMUM,0.45663,1261,67,OPTIMUM,1.65040
chainlink,2352,0.1,0.5,1,989,9,OPTIMUM,0.73396,990,9,OPTIMUM,1.07797
ionosphere,2352,0.1,0.5,1,3577,9,OPTIMUM,240.58966,3577,9,OPTIMUM,157.84739
iris,2352,0.1,0.5,1,755,29,OPTIMUM,0.12252,1219,31,OPTIMUM,0.14632
libras,2352,0.1,0.5,1,3342,18,OPTIMUM,123.79579,3802,68,OPTIMUM,111.48634
lsun,2352,0.1,0.5,1,923,34,OPTIMUM,1.12924,1112,104,OPTIMUM,1.03215
seeds,2352,0.1,0.5,1,991,21,OPTIMUM,0.52129,1679,67,OPTIMUM,0.52139
spam,2352,0.1,0.5,1,2432,5,OPTIMUM,320.17418,2432,5,OPTIMUM,281.30795
target,2352,0.1,0.5,1,649,3,OPTIMUM,13.91939,1000,164,OPTIMUM,2.68008
wine,2352,0.1,0.5,1,1178,7,OPTIMUM,1.02238,1275,71,OPTIMUM,0.69286
wingnut,2352,0.1,0.5,1,1094,67,OPTIMUM,0.29331,1261,67,OPTIMUM,1.35731
glass,2352,0.1,0.5,1,1167,1,OPTIMUM,1533.17772,1481,13,OPTIMUM,49.77543
glass,2352,0.1,0.7,1,1299,3,OPTIMUM,4689.07186,1481,12,OPTIMUM,4299.43763
glass,2352,0.1,1.0,1,1474,1,OPTIMUM,5864.00052,1481,1,OPTIMUM,7063.55147
libras,2352,0.1,1.0,1,3342,4,OPTIMUM,1297.66228,3802,68,OPTIMUM,958.52559
libras,2352,0.1,1.5,1,3342,3,OPTIMUM,8559.15391,0,0,UNKNOWN,10800.03840
libras,2352,0.1,1.75,1,0,0,UNKNOWN,10800.03613,0,0,UNKNOWN,10800.03381
libras,2352,0.1,2.0,1,0,0,UNKNOWN,10800.03670,0,0,UNKNOWN,10800.04415
