data,seed,e,kappa,cl_ml_ratio,p2_lm_b0,p2_lm_b1,p2_lm_loandra_status,p2_lm_solver_time,p2_lp_b0,p2_lp_b1,p2_lp_loandra_status,p2_lp_solver_time
chainlink,3556,0.1,0.7,1,989,11,OPTIMUM,0.40189,990,11,OPTIMUM,0.44651
glass,3556,0.1,0.7,1,1343,9,SATISFIABLE,900.02161,1481,9,SATISFIABLE,900.01859
ionosphere,3556,0.1,0.7,1,3577,99,OPTIMUM,21.88204,3577,99,OPTIMUM,10.53958
iris,3556,0.1,0.7,1,755,23,OPTIMUM,0.15109,1219,23,OPTIMUM,0.21900
libras,3556,0.1,0.7,1,0,0,UNKNOWN,900.03671,3802,131,SATISFIABLE,900.03252
lsun,3556,0.1,0.7,1,917,4,OPTIMUM,0.26114,1112,104,OPTIMUM,0.94697
seeds,3556,0.1,0.7,1,1083,12,OPTIMUM,0.76230,1679,20,OPTIMUM,1.22349
spam,3556,0.1,0.7,1,2432,17,OPTIMUM,166.17762,2432,17,OPTIMUM,243.77866
target,3556,0.1,0.7,1,648,4,OPTIMUM,11.20435,1000,164,OPTIMUM,11.22901
wine,3556,0.1,0.7,1,1179,4,OPTIMUM,1.13522,1275,71,OPTIMUM,0.44399
wingnut,3556,0.1,0.7,1,1094,67,OPTIMUM,0.22646,1261,67,OPTIMUM,0.45140
chainlink,3556,0.1,1.0,1,989,3,OPTIMUM,0.24517,990,3,OPTIMUM,0.37923
glass,3556,0.1,1.0,1,1479,10,SATISFIABLE,900.01534,1481,10,OPTIMUM,509.20080
ionosphere,3556,0.1,1.0,1,3577,99,OPTIMUM,11.78107,3577,99,OPTIMUM,4.21039
iris,3556,0.1,1.0,1,854,23,OPTIMUM,0.13799,1219,23,OPTIMUM,0.14833
libras,3556,0.1,1.0,1,0,0,UNKNOWN,900.03927,0,0,UNKNOWN,900.02494
lsun,3556,0.1,1.0,1,923,7,OPTIMUM,0.66874,1112,104,OPTIMUM,0.89695
seeds,3556,0.1,1.0,1,1058,18,OPTIMUM,0.46671,1679,18,OPTIMUM,0.73611
spam,3556,0.1,1.0,1,2432,0,OPTIMUM,122.02177,2432,0,OPTIMUM,123.93812
target,3556,0.1,1.0,1,649,3,OPTIMUM,9.01191,1000,164,OPTIMUM,3.29696
wine,3556,0.1,1.0,1,1275,32,OPTIMUM,3.68942,1275,71,OPTIMUM,0.54390
wingnut,3556,0.1,1.0,1,1094,67,OPTIMUM,0.15704,1261,67,OPTIMUM,0.15298
chainlink,3556,0.1,1.5,1,989,11,OPTIMUM,0.20210,989,11,OPTIMUM,0.30712
glass,3556,0.1,1.5,1,1481,3,OPTIMUM,223.68863,1481,3,OPTIMUM,172.70822
ionosphere,3556,0.1,1.5,1,3577,83,OPTIMUM,9.15348,3577,83,OPTIMUM,3.48708
iris,3556,0.1,1.5,1,854,23,OPTIMUM,0.09501,1219,23,OPTIMUM,0.08200
libras,3556,0.1,1.5,1,0,0,UNKNOWN,900.03901,0,0,UNKNOWN,900.05711
lsun,3556,0.1,1.5,1,923,8,OPTIMUM,0.12425,1112,104,OPTIMUM,0.11942
seeds,3556,0.1,1.5,1,1058,20,OPTIMUM,0.23921,1679,20,OPTIMUM,0.23971
spam,3556,0.1,1.5,1,2432,0,OPTIMUM,99.07233,2432,0,OPTIMUM,153.46624
target,3556,0.1,1.5,1,649,13,OPTIMUM,2.74562,1000,164,OPTIMUM,6.98135
wine,3556,0.1,1.5,1,1275,4,OPTIMUM,0.97023,1275,71,OPTIMUM,0.52896
wingnut,3556,0.1,1.5,1,1094,67,OPTIMUM,0.14997,1261,67,OPTIMUM,0.14700
chainlink,3556,0.1,1.75,1,989,11,OPTIMUM,0.20083,989,11,OPTIMUM,0.29267
glass,3556,0.1,1.75,1,1479,3,OPTIMUM,41.25488,1481,3,OPTIMUM,63.06772
ionosphere,3556,0.1,1.75,1,3575,28,OPTIMUM,2.69751,3577,28,OPTIMUM,5.22135
iris,3556,0.1,1.75,1,854,23,OPTIMUM,0.09766,1219,23,OPTIMUM,0.09444
libras,3556,0.1,1.75,1,0,0,UNKNOWN,900.03889,0,0,UNKNOWN,900.02820
lsun,3556,0.1,1.75,1,923,8,OPTIMUM,0.13054,1112,104,OPTIMUM,0.11729
seeds,3556,0.1,1.75,1,1058,20,OPTIMUM,0.21108,1679,20,OPTIMUM,0.20099
spam,3556,0.1,1.75,1,2432,8,OPTIMUM,53.73982,2432,8,OPTIMUM,59.72428
target,3556,0.1,1.75,1,649,5,OPTIMUM,2.77525,1000,164,OPTIMUM,2.98883
wine,3556,0.1,1.75,1,1275,71,OPTIMUM,0.34927,1275,71,OPTIMUM,0.27476
wingnut,3556,0.1,1.75,1,1094,67,OPTIMUM,0.14808,1261,67,OPTIMUM,0.14515
chainlink,3556,0.1,2.0,1,989,4,OPTIMUM,0.18327,989,11,OPTIMUM,0.31411
glass,3556,0.1,2.0,1,1474,11,OPTIMUM,25.74318,1481,11,OPTIMUM,28.73275
ionosphere,3556,0.1,2.0,1,3577,99,OPTIMUM,3.90468,3577,99,OPTIMUM,3.15386
iris,3556,0.1,2.0,1,854,23,OPTIMUM,0.10568,1219,23,OPTIMUM,0.07112
libras,3556,0.1,2.0,1,0,0,UNKNOWN,900.02010,0,0,UNKNOWN,900.04061
lsun,3556,0.1,2.0,1,923,11,OPTIMUM,0.12099,1112,104,OPTIMUM,0.12050
seeds,3556,0.1,2.0,1,1058,20,OPTIMUM,0.18159,1679,20,OPTIMUM,0.17739
spam,3556,0.1,2.0,1,2429,3,OPTIMUM,74.77114,2430,3,OPTIMUM,95.90437
target,3556,0.1,2.0,1,649,13,OPTIMUM,10.32248,1000,164,OPTIMUM,6.61221
wine,3556,0.1,2.0,1,1275,3,OPTIMUM,0.38790,1275,71,OPTIMUM,0.25425
wingnut,3556,0.1,2.0,1,1094,67,OPTIMUM,0.15587,1261,67,OPTIMUM,0.15001
chainlink,3556,0.1,0.1,1,989,3,OPTIMUM,2.30124,990,4,OPTIMUM,4.34074
glass,3556,0.1,0.1,1,1069,9,OPTIMUM,2.95749,1481,30,OPTIMUM,4.20475
ionosphere,3556,0.1,0.1,1,3554,29,OPTIMUM,1.03892,3577,502,OPTIMUM,6.52695
iris,3556,0.1,0.1,1,755,2,OPTIMUM,0.36767,1219,33,OPTIMUM,0.33309
libras,3556,0.1,0.1,1,2418,2,SATISFIABLE,900.03905,3802,280,OPTIMUM,191.03132
lsun,3556,0.1,0.1,1,854,4,OPTIMUM,0.37221,1112,104,OPTIMUM,2.77265
seeds,3556,0.1,0.1,1,896,20,OPTIMUM,0.35112,1679,67,OPTIMUM,1.88879
spam,3556,0.1,0.1,1,2408,5,OPTIMUM,302.97981,2432,5,OPTIMUM,668.73140
target,3556,0.1,0.1,1,624,5,OPTIMUM,15.44540,1000,164,OPTIMUM,12.99855
wine,3556,0.1,0.1,1,1178,0,OPTIMUM,0.51521,1275,71,OPTIMUM,0.47896
wingnut,3556,0.1,0.1,1,1094,11,OPTIMUM,0.62335,1261,67,OPTIMUM,2.02432
chainlink,3556,0.1,0.25,1,989,3,OPTIMUM,0.90099,990,4,OPTIMUM,1.57569
glass,3556,0.1,0.25,1,1070,5,OPTIMUM,22.78460,1481,30,OPTIMUM,4.46821
ionosphere,3556,0.1,0.25,1,3565,28,OPTIMUM,360.26253,3577,131,OPTIMUM,166.11603
iris,3556,0.1,0.25,1,755,2,OPTIMUM,0.11295,1219,28,OPTIMUM,0.26883
libras,3556,0.1,0.25,1,2218,2,SATISFIABLE,900.02302,3802,187,OPTIMUM,170.55036
lsun,3556,0.1,0.25,1,854,4,OPTIMUM,1.28400,1112,104,OPTIMUM,1.63963
seeds,3556,0.1,0.25,1,971,21,OPTIMUM,0.47081,1679,60,OPTIMUM,0.81442
spam,3556,0.1,0.25,1,2432,2,OPTIMUM,335.92173,2432,6,OPTIMUM,250.28548
target,3556,0.1,0.25,1,643,0,OPTIMUM,6.53664,1000,164,OPTIMUM,3.57955
wine,3556,0.1,0.25,1,1178,4,OPTIMUM,0.57040,1275,71,OPTIMUM,0.47124
wingnut,3556,0.1,0.25,1,1094,67,OPTIMUM,0.20701,1261,67,OPTIMUM,0.42172
chainlink,3556,0.1,0.5,1,989,4,OPTIMUM,0.94295,990,4,OPTIMUM,0.69630
glass,3556,0.1,0.5,1,1198,11,SATISFIABLE,900.01747,1481,21,OPTIMUM,382.22795
ionosphere,3556,0.1,0.5,1,3573,99,OPTIMUM,93.65831,3577,99,OPTIMUM,95.40623
iris,3556,0.1,0.5,1,755,23,OPTIMUM,0.08505,1219,23,OPTIMUM,0.13363
libras,3556,0.1,0.5,1,2560,5,SATISFIABLE,900.02260,3802,138,OPTIMUM,256.42196
lsun,3556,0.1,0.5,1,917,4,OPTIMUM,0.81088,1112,104,OPTIMUM,0.92108
seeds,3556,0.1,0.5,1,1013,18,OPTIMUM,0.87032,1679,21,OPTIMUM,2.23910
spam,3556,0.1,0.5,1,2432,9,OPTIMUM,170.96524,2432,11,OPTIMUM,181.94887
target,3556,0.1,0.5,1,646,1,OPTIMUM,4.93351,1000,164,OPTIMUM,3.05445
wine,3556,0.1,0.5,1,1178,1,OPTIMUM,0.56500,1275,71,OPTIMUM,0.46061
wingnut,3556,0.1,0.5,1,1094,3,OPTIMUM,0.20823,1261,67,OPTIMUM,0.37019
